strata generate: GPU Intel(R) Graphics [0xe223], 256 compute units, 30.3 GiB, matrix engines (XMX) yes
strata generate: PCIe probe: 41.5 GB/s host->device -> pcie_frac 0.55 (default 0.55)
strata generate: this CPU has no AVX-512: the expert kernels run on AVX-2 (multi-token for the i-quant gate/up rows)
strata generate: native pack: <data>/packs/qwen-iq3_s experts (largest blob 2.66 MB), token embedding type 23 in mapped host memory (322 MiB)
strata generate: 1466 MiB of weights loaded from <data>/packs/qwen-iq3_s (302 canonical tensors skipped: served natively)
strata generate: 300 native projection matrices, 2018.88 MiB of weights
strata generate: PLE on, table 320001536 rows of <data>/models/Qwen3.8-Flash-Next-GSQ-RCO-IQ3_S-00002-of-00002.gguf
strata generate: expert arena: one mapping registered for device copies in 2 pieces (the GPU's largest allocation); transparent huge pages requested (madvise); no mlock
strata generate: loaded 46.84 GiB at 3.99 GiB/s
strata generate: profile <repo>/data/expert-profile.bin: 24576 ranked pairs, built for 24576 slots
strata generate: experimental native Q5_K head, 521472000 bytes
strata generate: expert cache 13066 slots, 24.79 GiB of VRAM; policy is
strata generate: the GPU computes the experts in the cache; it rounds differently from the CPU,
                 so a reply can differ slightly from a run without the cache (same quality:
                 bench/results/2026-09-27-cache-parity).
                 PROFILE, ranked by routing frequency, no eviction.
strata generate: pre-filled 13066 of 13066 slots from the profile; slot 0 verified
strata generate: R4 hit path ON - resident experts are computed on the GPU
strata generate: 19 expert-pool workers + the host thread
strata generate: session is up (engine 0.1.0)
strata generate: sampling greedy
strata generate: token graph hit path: 13066 resident experts, decided on the device
strata generate: prompt chunk auto: 1536 tokens
strata generate: prompt path borrows 456 cache slots (0.86 GiB)
strata generate: 456 lent slots refilled in 26.8 ms
strata generate: prefill 1499 tokens in 1 chunks, 1770.8 ms (846.5 tok/s); experts streamed 5947 (5947 by DMA, host 92.8 ms), resident 7488; PLE 25.9 ms
strata verify: window up to 4 tokens, 63.0 MiB of device buffers
strata verify: captured the 1-token window (sync ok)
strata verify: captured the 4-token window (sync ok)
speculation              24 rounds of 4, drafts accepted 0 of 69 (0.000), 1.00 tokens per round
accepted per round       0:24 1:0 2:0 3:0
verify window            wait for rings 23.652  pool 7.787  host 0.340  commit 0.098 ms/round; CPU experts 2.50 distinct / 3.53 routed per layer
host memory              40 major page faults while decoding; 0 MiB of this process in swap
pool multi               gate/up 4.258  quantize 0.032  down 2.805 ms/round; 34.5 GB/s over the rows phases; CPU pool call 7.782 ms/round
dispatch                 plan 0.079  activation quantize 0.315  jobs 0.286  run 7.098 ms/round
pcie experts             0.00 distinct experts per layer read over PCIe (share 141/256 of the misses)
prompt  : 248045 846 198 50525 25 279 6038 1970 364 279 33439 369 199891 1271 1058 12 19 16 22 17 13 357 2526 14882 7246 279 9506 13759 13 561 14367 25624 264 11012 72103 13 357 2526 14882 11354 2250 14527 6679 13 561 14367 25624 279 9506 13759 13 561 13159 25624 2250 14527 6679 13 357 28282 7854 279 17631 5459 13 357 27786 27491 25624 2250 14527 6679 13 357 27786 27491 11354 279 9506 13759 13 561 14367 11693 279 17631 5459 13 561 37714 7246 279 11129 29262 13 561 13159 7246 264 11012 72103 13 357 27786 27491 16384 279 2981 9057 13 357 28282 11693 264 23772 6321 13 357 28282 25624 279 17631 5459 13 357 27786 27491 11693 449 4147 70676 13 561 37714 7854 264 23772 6321 13 6056 36600 49992 264 23772 6321 13 561 12433 11693 279 2981 9057 13 6983 12050 25624 279 11129 29262 13 561 37714 49992 264 23772 6321 13 6056 36600 16384 264 11012 72103 13 357 28282 7854 279 2981 9057 13 357 2526 14882 7246 449 4147 70676 13 561 13159 11354 264 11012 72103 13 561 37714 23235 264 23772 6321 13 357 2526 14882 49992 449 4147 70676 13 357 28282 25624 279 11129 29262 13 6056 36600 25624 279 17631 5459 13 561 12433 49992 279 11129 29262 13 561 13159 23235 279 17631 5459 13 6056 36600 23235 279 2981 9057 13 357 27786 27491 25624 449 4147 70676 13 561 14367 11693 279 11129 29262 13 561 2235 6522 11693 279 9506 13759 13 561 13159 49992 264 11012 72103 13 561 2235 6522 49992 279 9506 13759 13 561 37714 16384 279 2981 9057 13 561 13159 16384 279 9506 13759 13 357 2526 14882 7854 2250 14527 6679 13 561 2235 6522 25624 279 2981 9057 13 561 2235 6522 11693 2250 14527 6679 13 561 14367 49992 279 2981 9057 13 561 12433 16384 279 17631 5459 13 561 2235 6522 7854 264 23772 6321 13 357 27786 27491 23235 279 2981 9057 13 561 37714 11354 449 4147 70676 13 561 37714 7854 279 9506 13759 13 561 13159 7854 264 11012 72103 13 6056 36600 7854 279 17631 5459 13 6983 12050 25624 2250 14527 6679 13 6056 36600 7246 264 11012 72103 13 357 2526 14882 11354 264 11012 72103 13 561 14367 7246 264 11012 72103 13 357 2526 14882 11354 264 11012 72103 13 6983 12050 7854 279 2981 9057 13 561 12433 23235 264 23772 6321 13 6056 36600 25624 264 11012 72103 13 6056 36600 49992 449 4147 70676 13 6056 36600 16384 264 11012 72103 13 561 2235 6522 25624 264 23772 6321 13 561 12433 49992 279 2981 9057 13 561 37714 11354 2250 14527 6679 13 561 37714 23235 279 2981 9057 13 561 37714 11354 279 11129 29262 13 357 28282 16384 264 23772 6321 13 561 2235 6522 23235 2250 14527 6679 13 561 37714 23235 2250 14527 6679 13 357 27786 27491 11693 2250 14527 6679 13 561 13159 11693 2250 14527 6679 13 561 37714 49992 264 23772 6321 13 561 14367 11354 279 11129 29262 13 6056 36600 16384 2250 14527 6679 13 357 27786 27491 23235 449 4147 70676 13 357 2526 14882 23235 264 11012 72103 13 6983 12050 25624 2250 14527 6679 13 6056 36600 11693 264 23772 6321 13 6983 12050 49992 279 17631 5459 13 6056 36600 23235 264 11012 72103 13 357 28282 7854 2250 14527 6679 13 6056 36600 7246 279 9506 13759 13 357 2526 14882 25624 279 9506 13759 13 6056 36600 7854 264 11012 72103 13 561 2235 6522 7246 279 2981 9057 13 561 14367 7246 449 4147 70676 13 561 2235 6522 49992 264 23772 6321 13 561 2235 6522 7246 279 17631 5459 13 561 14367 25624 279 2981 9057 13 561 13159 11693 2250 14527 6679 13 561 14367 16384 2250 14527 6679 13 561 12433 11693 264 23772 6321 13 561 12433 7854 279 2981 9057 13 561 14367 23235 449 4147 70676 13 357 27786 27491 7854 279 2981 9057 13 561 37714 7246 279 17631 5459 13 6056 36600 7246 279 17631 5459 13 561 2235 6522 7246 279 2981 9057 13 6056 36600 25624 279 17631 5459 13 357 2526 14882 49992 264 11012 72103 13 561 37714 11354 2250 14527 6679 13 6983 12050 16384 279 17631 5459 13 357 28282 49992 279 17631 5459 13 357 28282 49992 264 23772 6321 13 357 27786 27491 11693 279 11129 29262 13 6056 36600 49992 2250 14527 6679 13 561 37714 16384 2250 14527 6679 13 6056 36600 7246 279 9506 13759 13 357 28282 7854 449 4147 70676 13 357 2526 14882 25624 2250 14527 6679 13 561 13159 25624 2250 14527 6679 13 561 12433 25624 279 2981 9057 13 357 2526 14882 7246 279 11129 29262 13 561 2235 6522 49992 2250 14527 6679 13 357 28282 7854 449 4147 70676 13 561 2235 6522 11693 279 2981 9057 13 561 13159 7854 264 23772 6321 13 561 13159 11693 264 23772 6321 13 357 2526 14882 25624 264 23772 6321 13 561 14367 23235 449 4147 70676 13 6056 36600 11354 279 9506 13759 13 357 2526 14882 16384 264 11012 72103 13 357 28282 11693 264 11012 72103 13 357 28282 16384 279 11129 29262 13 561 14367 7246 279 11129 29262 13 561 2235 6522 7854 279 11129 29262 13 561 13159 7246 449 4147 70676 13 357 2526 14882 25624 279 11129 29262 13 561 14367 7246 279 9506 13759 13 357 28282 16384 279 17631 5459 13 357 28282 16384 264 11012 72103 13 357 27786 27491 11693 264 11012 72103 13 561 12433 25624 449 4147 70676 13 561 14367 23235 279 9506 13759 13 561 12433 7246 279 17631 5459 13 561 37714 11693 264 11012 72103 13 561 2235 6522 16384 279 17631 5459 13 561 2235 6522 11693 279 11129 29262 13 561 12433 11693 279 11129 29262 13 6056 36600 7246 279 11129 29262 13 357 2526 14882 11354 279 11129 29262 13 561 14367 11354 279 17631 5459 13 561 37714 11693 449 4147 70676 13 6983 12050 49992 264 11012 72103 13 561 13159 49992 279 9506 13759 13 561 37714 16384 2250 14527 6679 13 6983 12050 23235 2250 14527 6679 13 561 2235 6522 7854 264 23772 6321 13 561 14367 7246 279 17631 5459 13 357 28282 16384 279 9506 13759 13 561 2235 6522 11354 264 11012 72103 13 561 13159 16384 2250 14527 6679 13 561 12433 11354 449 4147 70676 13 561 2235 6522 7246 279 11129 29262 13 6056 36600 11354 279 11129 29262 13 357 2526 14882 23235 264 23772 6321 13 6983 12050 11354 279 11129 29262 13 6983 12050 23235 279 2981 9057 13 561 14367 23235 279 9506 13759 13 357 28282 49992 279 11129 29262 13 561 37714 11693 2250 14527 6679 13 561 37714 11354 264 11012 72103 13 561 12433 25624 279 2981 9057 13 561 13159 11354 279 9506 13759 13 561 14367 16384 279 11129 29262 13 6983 12050 25624 279 2981 9057 13 357 27786 27491 7854 264 23772 6321 13 6056 36600 7246 279 11129 29262 13 357 27786 27491 7246 279 17631 5459 13 561 37714 7854 279 2981 9057 13 561 37714 11354 2250 14527 6679 13 357 28282 11354 279 17631 5459 13 561 2235 6522 23235 264 11012 72103 13 561 13159 49992 279 17631 5459 13 561 14367 11693 449 4147 70676 13 561 12433 11354 449 4147 70676 13 357 28282 25624 264 11012 72103 13 6056 36600 16384 264 11012 72103 13 561 12433 11693 2250 14527 6679 13 6983 12050 49992 449 4147 70676 13 561 13159 25624 449 4147 70676 13 561 12433 11354 2250 14527 6679 13 357 28282 7246 264 23772 6321 13 561 12433 16384 279 2981 9057 13 561 14367 49992 279 17631 5459 13 6056 36600 16384 264 11012 72103 13 6983 12050 49992 279 11129 29262 13 561 37714 16384 449 4147 70676 13 6056 36600 49992 264 11012 72103 13 561 37714 11693 279 11129 29262 13 357 28282 49992 279 17631 5459 13 561 12433 49992 264 11012 72103 13 561 37714 49992 279 11129 29262 13 561 13159 11693 2250 14527 6679 13 357 28282 25624 279 2981 9057 13 561 37714 16384 264 23772 6321 13 561 2235 6522 16384 264 11012 72103 13 357 2526 14882 11693 449 4147 70676 13 6056 36600 7854 279 17631 5459 13 561 2235 6522 11354 449 4147 70676 13 6056 36600 7854 279 11129 29262 13 561 2235 6522 7854 264 23772 6321 13 561 13159 23235 264 11012 72103 13 357 2526 14882 11354 264 23772 6321 13 357 2526 14882 7854 264 11012 72103 13 6983 12050
output  : 248046 198 248045 74455 198 248068 198 760 1156 682 2574 728 264 1248 20438 314 1414 421 7701 310 381 264 51816 466
decode                   24 tokens in 881.6 ms  ->  27.22 tok/s
prefill                  1499 tokens in 1797.6 ms  ->  833.90 tok/s  (time to first token 1923.5 ms)
logits dumped            <data>/records/2026-10-02-new-machine/f8-short-fused-1.logits
