strata generate: GPU Intel(R) Graphics [0xe223], 256 compute units, 30.3 GiB, matrix engines (XMX) yes
strata generate: PCIe probe: 37.6 GB/s host->device -> pcie_frac 0.55 (default 0.55)
strata generate: this CPU has no AVX-512: the expert kernels run on AVX-2 (multi-token for the i-quant gate/up rows)
strata generate: native pack: <data>/packs/qwen-iq3_s experts (largest blob 2.66 MB), token embedding type 23 in mapped host memory (322 MiB)
strata generate: 1466 MiB of weights loaded from <data>/packs/qwen-iq3_s (302 canonical tensors skipped: served natively)
strata generate: 300 native projection matrices, 2018.88 MiB of weights
strata generate: PLE on, table 320001536 rows of <data>/models/Qwen3.8-Flash-Next-GSQ-RCO-IQ3_S-00002-of-00002.gguf
strata mtp: draft layer loaded, 838 MiB of VRAM (experts 675, dense 111), files read in 0.46 s (1712 MiB/s)
strata generate: expert arena: one mapping registered for device copies in 2 pieces (the GPU's largest allocation); transparent huge pages requested (madvise); no mlock
strata generate: loaded 46.84 GiB at 4.00 GiB/s
strata generate: profile <repo>/data/expert-profile.bin: 24576 ranked pairs, built for 24576 slots
strata generate: experimental native Q5_K head, 521472000 bytes
strata generate: expert cache 13066 slots, 24.79 GiB of VRAM; policy is
strata generate: the GPU computes the experts in the cache; it rounds differently from the CPU,
                 so a reply can differ slightly from a run without the cache (same quality:
                 bench/results/2026-09-27-cache-parity).
                 PROFILE, ranked by routing frequency, no eviction.
strata generate: pre-filled 13066 of 13066 slots from the profile; slot 0 verified
strata generate: R4 hit path ON - resident experts are computed on the GPU
strata generate: 19 expert-pool workers + the host thread
strata generate: session is up (engine 0.1.0)
strata generate: sampling greedy
strata generate: token graph hit path: 13066 resident experts, decided on the device
strata generate: prompt chunk auto: 8192 tokens
strata generate: prompt path borrows 2360 cache slots (4.47 GiB)
strata mtp: draft head over 40525 tokens (81.2 MiB)
strata generate: 2360 lent slots refilled in 138.7 ms
strata generate: prefill 11999 tokens in 2 chunks, 13072.4 ms (917.9 tok/s); experts streamed 27740 (27740 by DMA, host 1736.8 ms), resident 12865; PLE 49.4 ms
strata verify: window up to 4 tokens, 63.0 MiB of device buffers
strata verify: captured the 1-token window (sync ok)
strata verify: captured the 4-token window (sync ok)
speculation              53 rounds of 4, drafts accepted 75 of 156 (0.481), 2.42 tokens per round
accepted per round       0:11 1:22 2:7 3:13
verify window            wait for rings 26.463  pool 7.923  host 0.556  commit 0.095 ms/round; CPU experts 2.59 distinct / 3.98 routed per layer
host memory              39 major page faults while decoding; 0 MiB of this process in swap
pool multi               gate/up 4.249  quantize 0.034  down 2.912 ms/round; 35.5 GB/s over the rows phases; CPU pool call 7.918 ms/round
dispatch                 plan 0.082  activation quantize 0.331  jobs 0.301  run 7.199 ms/round
pcie experts             0.00 distinct experts per layer read over PCIe (share 141/256 of the misses)
mtp                      5.913 ms/round drafting (52 rounds), MTP prompt 1028.6 ms, 919 MiB of VRAM
prompt  : 248045 846 198 50525 25 279 6038 1970 364 279 33439 369 199891 1271 1058 12 19 16 22 17 13 357 2526 14882 7246 279 9506 13759 13 561 14367 25624 264 11012 72103 13 357 2526 14882 11354 2250 14527 6679 13 561 14367 25624 279 9506 13759 13 561 13159 25624 2250 14527 6679 13 357 28282 7854 279 17631 5459 13 357 27786 27491 25624 2250 14527 6679 13 357 27786 27491 11354 279 9506 13759 13 561 14367 11693 279 17631 5459 13 561 37714 7246 279 11129 29262 13 561 13159 7246 264 11012 72103 13 357 27786 27491 16384 279 2981 9057 13 357 28282 11693 264 23772 6321 13 357 28282 25624 279 17631 5459 13 357 27786 27491 11693 449 4147 70676 13 561 37714 7854 264 23772 6321 13 6056 36600 49992 264 23772 6321 13 561 12433 11693 279 2981 9057 13 6983 12050 25624 279 11129 29262 13 561 37714 49992 264 23772 6321 13 6056 36600 16384 264 11012 72103 13 357 28282 7854 279 2981 9057 13 357 2526 14882 7246 449 4147 70676 13 561 13159 11354 264 11012 72103 13 561 37714 23235 264 23772 6321 13 357 2526 14882 49992 449 4147 70676 13 357 28282 25624 279 11129 29262 13 6056 36600 25624 279 17631 5459 13 561 12433 49992 279 11129 29262 13 561 13159 23235 279 17631 5459 13 6056 36600 23235 279 2981 9057 13 357 27786 27491 25624 449 4147 70676 13 561 14367 11693 279 11129 29262 13 561 2235 6522 11693 279 9506 13759 13 561 13159 49992 264 11012 72103 13 561 2235 6522 49992 279 9506 13759 13 561 37714 16384 279 2981 9057 13 561 13159 16384 279 9506 13759 13 357 2526 14882 7854 2250 14527 6679 13 561 2235 6522 25624 279 2981 9057 13 561 2235 6522 11693 2250 14527 6679 13 561 14367 49992 279 2981 9057 13 561 12433 16384 279 17631 5459 13 561 2235 6522 7854 264 23772 6321 13 357 27786 27491 23235 279 2981 9057 13 561 37714 11354 449 4147 70676 13 561 37714 7854 279 9506 13759 13 561 13159 7854 264 11012 72103 13 6056 36600 7854 279 17631 5459 13 6983 12050 25624 2250 14527 6679 13 6056 36600 7246 264 11012 72103 13 357 2526 14882 11354 264 11012 72103 13 561 14367 7246 264 11012 72103 13 357 2526 14882 11354 264 11012 72103 13 6983 12050 7854 279 2981 9057 13 561 12433 23235 264 23772 6321 13 6056 36600 25624 264 11012 72103 13 6056 36600 49992 449 4147 70676 13 6056 36600 16384 264 11012 72103 13 561 2235 6522 25624 264 23772 6321 13 561 12433 49992 279 2981 9057 13 561 37714 11354 2250 14527 6679 13 561 37714 23235 279 2981 9057 13 561 37714 11354 279 11129 29262 13 357 28282 16384 264 23772 6321 13 561 2235 6522 23235 2250 14527 6679 13 561 37714 23235 2250 14527 6679 13 357 27786 27491 11693 2250 14527 6679 13 561 13159 11693 2250 14527 6679 13 561 37714 49992 264 23772 6321 13 561 14367 11354 279 11129 29262 13 6056 36600 16384 2250 14527 6679 13 357 27786 27491 23235 449 4147 70676 13 357 2526 14882 23235 264 11012 72103 13 6983 12050 25624 2250 14527 6679 13 6056 36600 11693 264 23772 6321 13 6983 12050 49992 279 17631 5459 13 6056 36600 23235 264 11012 72103 13 357 28282 7854 2250 14527 6679 13 6056 36600 7246 279 9506 13759 13 357 2526 14882 25624 279 9506 13759 13 6056 36600 7854 264 11012 72103 13 561 2235 6522 7246 279 2981 9057 13 561 14367 7246 449 4147 70676 13 561 2235 6522 49992 264 23772 6321 13 561 2235 6522 7246 279 17631 5459 13 561 14367 25624 279 2981 9057 13 561 13159 11693 2250 14527 6679 13 561 14367 16384 2250 14527 6679 13 561 12433 11693 264 23772 6321 13 561 12433 7854 279 2981 9057 13 561 14367 23235 449 4147 70676 13 357 27786 27491 7854 279 2981 9057 13 561 37714 7246 279 17631 5459 13 6056 36600 7246 279 17631 5459 13 561 2235 6522 7246 279 2981 9057 13 6056 36600 25624 279 17631 5459 13 357 2526 14882 49992 264 11012 72103 13 561 37714 11354 2250 14527 6679 13 6983 12050 16384 279 17631 5459 13 357 28282 49992 279 17631 5459 13 357 28282 49992 264 23772 6321 13 357 27786 27491 11693 279 11129 29262 13 6056 36600 49992 2250 14527 6679 13 561 37714 16384 2250 14527 6679 13 6056 36600 7246 279 9506 13759 13 357 28282 7854 449 4147 70676 13 357 2526 14882 25624 2250 14527 6679 13 561 13159 25624 2250 14527 6679 13 561 12433 25624 279 2981 9057 13 357 2526 14882 7246 279 11129 29262 13 561 2235 6522 49992 2250 14527 6679 13 357 28282 7854 449 4147 70676 13 561 2235 6522 11693 279 2981 9057 13 561 13159 7854 264 23772 6321 13 561 13159 11693 264 23772 6321 13 357 2526 14882 25624 264 23772 6321 13 561 14367 23235 449 4147 70676 13 6056 36600 11354 279 9506 13759 13 357 2526 14882 16384 264 11012 72103 13 357 28282 11693 264 11012 72103 13 357 28282 16384 279 11129 29262 13 561 14367 7246 279 11129 29262 13 561 2235 6522 7854 279 11129 29262 13 561 13159 7246 449 4147 70676 13 357 2526 14882 25624 279 11129 29262 13 561 14367 7246 279 9506 13759 13 357 28282 16384 279 17631 5459 13 357 28282 16384 264 11012 72103 13 357 27786 27491 11693 264 11012 72103 13 561 12433 25624 449 4147 70676 13 561 14367 23235 279 9506 13759 13 561 12433 7246 279 17631 5459 13 561 37714 11693 264 11012 72103 13 561 2235 6522 16384 279 17631 5459 13 561 2235 6522 11693 279 11129 29262 13 561 12433 11693 279 11129 29262 13 6056 36600 7246 279 11129 29262 13 357 2526 14882 11354 279 11129 29262 13 561 14367 11354 279 17631 5459 13 561 37714 11693 449 4147 70676 13 6983 12050 49992 264 11012 72103 13 561 13159 49992 279 9506 13759 13 561 37714 16384 2250 14527 6679 13 6983 12050 23235 2250 14527 6679 13 561 2235 6522 7854 264 23772 6321 13 561 14367 7246 279 17631 5459 13 357 28282 16384 279 9506 13759 13 561 2235 6522 11354 264 11012 72103 13 561 13159 16384 2250 14527 6679 13 561 12433 11354 449 4147 70676 13 561 2235 6522 7246 279 11129 29262 13 6056 36600 11354 279 11129 29262 13 357 2526 14882 23235 264 23772 6321 13 6983 12050 11354 279 11129 29262 13 6983 12050 23235 279 2981 9057 13 561 14367 23235 279 9506 13759 13 357 28282 49992 279 11129 29262 13 561 37714 11693 2250 14527 6679 13 561 37714 11354 264 11012 72103 13 561 12433 25624 279 2981 9057 13 561 13159 11354 279 9506 13759 13 561 14367 16384 279 11129 29262 13 6983 12050 25624 279 2981 9057 13 357 27786 27491 7854 264 23772 6321 13 6056 36600 7246 279 11129 29262 13 357 27786 27491 7246 279 17631 5459 13 561 37714 7854 279 2981 9057 13 561 37714 11354 2250 14527 6679 13 357 28282 11354 279 17631 5459 13 561 2235 6522 23235 264 11012 72103 13 561 13159 49992 279 17631 5459 13 561 14367 11693 449 4147 70676 13 561 12433 11354 449 4147 70676 13 357 28282 25624 264 11012 72103 13 6056 36600 16384 264 11012 72103 13 561 12433 11693 2250 14527 6679 13 6983 12050 49992 449 4147 70676 13 561 13159 25624 449 4147 70676 13 561 12433 11354 2250 14527 6679 13 357 28282 7246 264 23772 6321 13 561 12433 16384 279 2981 9057 13 561 14367 49992 279 17631 5459 13 6056 36600 16384 264 11012 72103 13 6983 12050 49992 279 11129 29262 13 561 37714 16384 449 4147 70676 13 6056 36600 49992 264 11012 72103 13 561 37714 11693 279 11129 29262 13 357 28282 49992 279 17631 5459 13 561 12433 49992 264 11012 72103 13 561 37714 49992 279 11129 29262 13 561 13159 11693 2250 14527 6679 13 357 28282 25624 279 2981 9057 13 561 37714 16384 264 23772 6321 13 561 2235 6522 16384 264 11012 72103 13 357 2526 14882 11693 449 4147 70676 13 6056 36600 7854 279 17631 5459 13 561 2235 6522 11354 449 4147 70676 13 6056 36600 7854 279 11129 29262 13 561 2235 6522 7854 264 23772 6321 13 561 13159 23235 264 11012 72103 13 357 2526 14882 11354 264 23772 6321 13 357 2526 14882 7854 264 11012 72103 13 6983 12050 11354 279 11129 29262 13 561 12433 23235 264 11012 72103 13 561 13159 7854 264 11012 72103 13 357 2526 14882 7854 279 11129 29262 13 561 14367 16384 264 11012 72103 13 561 14367 16384 279 2981 9057 13 6983 12050 16384 279 9506 13759 13 561 37714 23235 2250 14527 6679 13 357 2526 14882 7854 279 17631 5459 13 561 13159 11693 264 11012 72103 13 561 14367 7854 449 4147 70676 13 357 27786 27491 7246 279 11129 29262 13 6056 36600 11354 279 2981 9057 13 561 2235 6522 49992 279 9506 13759 13 357 2526 14882 16384 279 11129 29262 13 561 12433 16384 279 9506 13759 13 6983 12050 16384 449 4147 70676 13 561 37714 7854 264 11012 72103 13 561 2235 6522 7246 264 11012 72103 13 6983 12050 49992 2250 14527 6679 13 6056 36600 23235 449 4147 70676 13 561 13159 7246 2250 14527 6679 13 6983 12050 25624 279 2981 9057 13 357 2526 14882 25624 264 23772 6321 13 6983 12050 23235 279 11129 29262 13 357 27786 27491 11693 279 17631 5459 13 561 13159 7854 279 9506 13759 13 561 37714 11693 279 9506 13759 13 561 12433 23235 279 17631 5459 13 6056 36600 16384 264 23772 6321 13 561 2235 6522 11693 264 11012 72103 13 561 12433 11693 279 9506 13759 13 561 13159 49992 279 9506 13759 13 561 12433 11354 279 2981 9057 13 561 14367 7854 449 4147 70676 13 357 27786 27491 49992 279 17631 5459 13 357 28282 7854 449 4147 70676 13 6056 36600 11693 264 11012 72103 13 6983 12050 7246 279 2981 9057 13 561 37714 25624 449 4147 70676 13 357 28282 11354 279 17631 5459 13 561 2235 6522 11693 279 17631 5459 13 561 12433 7246 279 11129 29262 13 561 37714 7854 264 11012 72103 13 357 28282 25624 279 11129 29262 13 561 37714 11693 279 9506 13759 13 561 12433 11693 279 17631 5459 13 561 14367 16384 449 4147 70676 13 561 12433 23235 2250 14527 6679 13 6056 36600 11693 2250 14527 6679 13 561 14367 7854 279 11129 29262 13 561 14367 11354 2250 14527 6679 13 6056 36600 7854 264 11012 72103 13 561 12433 11693 279 9506 13759 13 357 2526 14882 11693 449 4147 70676 13 561 14367 23235 279 9506 13759 13 357 2526 14882 7854 2250 14527 6679 13 561 14367 16384 264 11012 72103 13 6983 12050 49992 2250 14527 6679 13 561 12433 11693 2250 14527 6679 13 6056 36600 11693 279 11129 29262 13 561 12433 25624 449 4147 70676 13 357 27786 27491 7246 2250 14527 6679 13 6056 36600 7854 279 17631 5459 13 357 27786 27491 7246 279 9506 13759 13 561 14367 11693 279 17631 5459 13 357 27786 27491 7246 279 9506 13759 13 561 14367 11354 279 2981 9057 13 561 13159 49992 264 23772 6321 13 357 28282 25624 279 2981 9057 13 357 2526 14882 11693 279 2981 9057 13 561 37714 49992 279 17631 5459 13 561 12433 7854 264 23772 6321 13 357 2526 14882 49992 279 2981 9057 13 357 28282 11354 264 11012 72103 13 561 12433 25624 264 23772 6321 13 561 13159 25624 2250 14527 6679 13 561 13159 23235 279 11129 29262 13 561 13159 25624 279 17631 5459 13 6056 36600 11693 264 23772 6321 13 561 37714 49992 2250 14527 6679 13 357 2526 14882 23235 449 4147 70676 13 561 14367 7854 2250 14527 6679 13 561 13159 11354 279 9506 13759 13 561 14367 49992 264 11012 72103 13 561 14367 16384 2250 14527 6679 13 357 28282 23235 264 23772 6321 13 561 12433 23235 279 17631 5459 13 561 12433 23235 279 11129 29262 13 561 12433 11354 264 11012 72103 13 561 14367 11693 264 11012 72103 13 6056 36600 49992 279 9506 13759 13 561 12433 7854 449 4147 70676 13 561 2235 6522 49992 279 2981 9057 13 561 14367 16384 279 2981 9057 13 357 27786 27491 11693 264 23772 6321 13 357 2526 14882 49992 264 23772 6321 13 357 27786 27491 25624 2250 14527 6679 13 561 13159 7246 2250 14527 6679 13 561 13159 25624 279 17631 5459 13 6056 36600 23235 279 2981 9057 13 561 13159 25624 264 11012 72103 13 561 12433 25624 2250 14527 6679 13 357 28282 7854 449 4147 70676 13 6056 36600 7246 2250 14527 6679 13 561 2235 6522 7854 449 4147 70676 13 357 27786 27491 11693 264 11012 72103 13 561 12433 16384 279 11129 29262 13 357 27786 27491 16384 264 23772 6321 13 561 12433 16384 2250 14527 6679 13 6056 36600 11693 279 2981 9057 13 6983 12050 11693 279 2981 9057 13 561 12433 11693 264 23772 6321 13 357 28282 7854 279 11129 29262 13 6983 12050 11693 264 11012 72103 13 6056 36600 11354 264 11012 72103 13 561 14367 49992 2250 14527 6679 13 6056 36600 23235 279 17631 5459 13 561 12433 11693 264 11012 72103 13 561 14367 11693 2250 14527 6679 13 357 28282 23235 279 2981 9057 13 6056 36600 16384 279 17631 5459 13 357 28282 23235 2250 14527 6679 13 561 14367 23235 264 23772 6321 13 561 2235 6522 11354 2250 14527 6679 13 561 12433 11354 2250 14527 6679 13 561 14367 23235 279 9506 13759 13 357 2526 14882 7246 279 11129 29262 13 357 28282 11693 279 17631 5459 13 6056 36600 49992 264 11012 72103 13 561 13159 25624 279 9506 13759 13 561 37714 7246 264 11012 72103 13 561 2235 6522 7854 279 11129 29262 13 561 13159 16384 279 11129 29262 13 561 13159 11354 279 11129 29262 13 357 27786 27491 23235 279 9506 13759 13 561 13159 11354 264 23772 6321 13 6983 12050 7854 279 9506 13759 13 6983 12050 11354 279 9506 13759 13 561 2235 6522 7854 264 11012 72103 13 357 28282 7854 264 23772 6321 13 6056 36600 7246 279 2981 9057 13 561 14367 11354 279 2981 9057 13 561 13159 25624 264 23772 6321 13 561 37714 7246 279 2981 9057 13 357 2526 14882 16384 279 2981 9057 13 561 37714 7246 264 11012 72103 13 357 28282 7854 449 4147 70676 13 6983 12050 16384 279 2981 9057 13 561 14367 49992 264 23772 6321 13 561 14367 7854 264 11012 72103 13 357 27786 27491 7246 2250 14527 6679 13 357 27786 27491 7854 2250 14527 6679 13 6056 36600 7246 2250 14527 6679 13 561 14367 7854 279 2981 9057 13 561 13159 23235 264 11012 72103 13 561 2235 6522 11693 2250 14527 6679 13 561 14367 11354 264 23772 6321 13 357 28282 7854 449 4147 70676 13 561 37714 16384 279 9506 13759 13 561 12433 11693 279 9506 13759 13 561 13159 23235 449 4147 70676 13 561 37714 49992 279 2981 9057 13 561 14367 11354 449 4147 70676 13 6056 36600 11693 449 4147 70676 13 357 27786 27491 49992 279 2981 9057 13 6056 36600 7854 264 11012 72103 13 357 28282 7246 264 23772 6321 13 561 13159 23235 264 11012 72103 13 6056 36600 11354 279 17631 5459 13 561 2235 6522 25624 264 23772 6321 13 561 37714 25624 279 17631 5459 13 561 37714 7854 279 2981 9057 13 561 14367 25624 264 11012 72103 13 6983 12050 7246 449 4147 70676 13 561 12433 7246 2250 14527 6679 13 357 28282 23235 279 11129 29262 13 561 2235 6522 23235 279 11129 29262 13 6056 36600 7246 279 11129 29262 13 561 37714 49992 2250 14527 6679 13 357 27786 27491 16384 2250 14527 6679 13 357 2526 14882 23235 279 17631 5459 13 6983 12050 7246 279 9506 13759 13 561 2235 6522 16384 264 23772 6321 13 561 13159 7246 279 11129 29262 13 357 28282 11354 264 23772 6321 13 6056 36600 25624 279 11129 29262 13 561 37714 7854 264 23772 6321 13 561 12433 7854 264 23772 6321 13 357 27786 27491 7246 264 23772 6321 13 357 2526 14882 25624 449 4147 70676 13 6983 12050 7246 279 17631 5459 13 561 12433 16384 279 11129 29262 13 357 27786 27491 23235 279 17631 5459 13 561 14367 11693 279 2981 9057 13 561 12433 7854 279 9506 13759 13 561 37714 23235 279 17631 5459 13 561 2235 6522 49992 2250 14527 6679 13 357 27786 27491 11354 279 17631 5459 13 561 14367 11354 264 23772 6321 13 561 12433 25624 264 23772 6321 13 561 37714 11693 279 9506 13759 13 357 27786 27491 16384 279 2981 9057 13 6983 12050 23235 449 4147 70676 13 561 2235 6522 7246 279 17631 5459 13 6983 12050 7246 449 4147 70676 13 357 28282 25624 279 2981 9057 13 561 12433 7854 279 11129 29262 13 561 14367 11354 264 23772 6321 13 357 27786 27491 49992 449 4147 70676 13 6983 12050 7246 279 17631 5459 13 561 14367 11354 279 17631 5459 13 561 13159 7246 2250 14527 6679 13 561 2235 6522 11354 264 11012 72103 13 561 14367 11693 279 2981 9057 13 561 13159 11693 279 9506 13759 13 357 27786 27491 7246 279 11129 29262 13 357 28282 16384 279 17631 5459 13 6056 36600 11354 279 9506 13759 13 561 13159 49992 264 11012 72103 13 6056 36600 7246 2250 14527 6679 13 357 28282 16384 2250 14527 6679 13 561 14367 25624 264 23772 6321 13 561 12433 11354 279 11129 29262 13 561 37714 7854 279 11129 29262 13 561 12433 11693 264 11012 72103 13 561 37714 11354 279 2981 9057 13 561 12433 11693 2250 14527 6679 13 561 2235 6522 23235 2250 14527 6679 13 561 13159 23235 2250 14527 6679 13 561 13159 49992 449 4147 70676 13 561 37714 11354 279 17631 5459 13 561 13159 11693 279 11129 29262 13 6983 12050 7854 264 11012 72103 13 357 27786 27491 7246 279 2981 9057 13 561 14367 11354 264 11012 72103 13 357 28282 7246 264 23772 6321 13 561 2235 6522 11354 279 17631 5459 13 561 14367 7246 279 17631 5459 13 357 28282 11354 264 11012 72103 13 357 27786 27491 23235 2250 14527 6679 13 561 37714 25624 279 9506 13759 13 357 28282 11693 2250 14527 6679 13 6983 12050 25624 279 17631 5459 13 561 14367 25624 279 11129 29262 13 6056 36600 25624 279 2981 9057 13 357 28282 11693 279 11129 29262 13 357 2526 14882 23235 279 9506 13759 13 561 12433 11354 264 23772 6321 13 561 12433 16384 279 17631 5459 13 357 2526 14882 23235 449 4147 70676 13 561 12433 11354 279 9506 13759 13 561 14367 7854 264 11012 72103 13 357 2526 14882 49992 279 17631 5459 13 561 37714 11693 264 11012 72103 13 357 27786 27491 16384 279 2981 9057 13 561 13159 11354 2250 14527 6679 13 561 12433 11354 279 17631 5459 13 357 2526 14882 49992 264 11012 72103 13 6056 36600 7246 449 4147 70676 13 357 27786 27491 23235 279 11129 29262 13 357 27786 27491 7246 279 11129 29262 13 6983 12050 11693 449 4147 70676 13 561 2235 6522 25624 264 11012 72103 13 6056 36600 25624 264 23772 6321 13 357 2526 14882 25624 279 9506 13759 13 561 13159 25624 279 9506 13759 13 561 14367 23235 2250 14527 6679 13 561 12433 16384 279 9506 13759 13 561 37714 7246 279 9506 13759 13 6983 12050 49992 279 2981 9057 13 561 37714 11354 264 23772 6321 13 357 27786 27491 23235 279 2981 9057 13 6056 36600 23235 279 2981 9057 13 6056 36600 49992 279 11129 29262 13 357 27786 27491 11693 279 2981 9057 13 357 2526 14882 49992 2250 14527 6679 13 561 37714 11693 279 11129 29262 13 561 12433 7246 279 2981 9057 13 6983 12050 23235 264 23772 6321 13 561 2235 6522 11693 264 23772 6321 13 6983 12050 16384 264 11012 72103 13 561 2235 6522 25624 2250 14527 6679 13 561 13159 7246 279 2981 9057 13 561 12433 16384 279 9506 13759 13 561 12433 11693 264 11012 72103 13 357 28282 16384 2250 14527 6679 13 561 13159 49992 279 17631 5459 13 561 14367 7854 279 9506 13759 13 6983 12050 16384 449 4147 70676 13 561 14367 7246 279 11129 29262 13 357 27786 27491 7854 279 17631 5459 13 6983 12050 7854 279 9506 13759 13 6983 12050 11693 279 2981 9057 13 357 28282 49992 279 9506 13759 13 357 2526 14882 16384 264 11012 72103 13 561 13159 11693 279 9506 13759 13 561 2235 6522 16384 279 9506 13759 13 6056 36600 49992 279 17631 5459 13 357 27786 27491 7854 279 2981 9057 13 357 2526 14882 11354 279 9506 13759 13 6056 36600 25624 279 17631 5459 13 561 12433 11693 279 2981 9057 13 6983 12050 23235 264 11012 72103 13 357 27786 27491 49992 2250 14527 6679 13 6056 36600 11354 264 23772 6321 13 561 37714 23235 279 9506 13759 13 6056 36600 11693 279 2981 9057 13 561 13159 25624 264 23772 6321 13 561 14367 16384 279 11129 29262 13 561 13159 7854 279 17631 5459 13 561 14367 25624 279 9506 13759 13 561 13159 23235 279 11129 29262 13 357 28282 11693 279 11129 29262 13 561 13159 11693 279 9506 13759 13 6056 36600 11693 279 2981 9057 13 561 2235 6522 25624 2250 14527 6679 13 6056 36600 11693 279 2981 9057 13 357 2526 14882 7854 449 4147 70676 13 561 12433 7246 449 4147 70676 13 357 2526 14882 11693 279 11129 29262 13 561 13159 16384 279 9506 13759 13 561 2235 6522 49992 279 17631 5459 13 561 12433 23235 2250 14527 6679 13 561 12433 23235 449 4147 70676 13 6056 36600 7854 264 11012 72103 13 357 2526 14882 7246 279 11129 29262 13 561 13159 11354 264 11012 72103 13 357 27786 27491 23235 279 2981 9057 13 561 37714 23235 279 17631 5459 13 561 14367 11693 264 11012 72103 13 561 12433 16384 264 11012 72103 13 357 27786 27491 7246 2250 14527 6679 13 561 2235 6522 49992 264 23772 6321 13 561 2235 6522 11693 279 9506 13759 13 561 37714 7246 264 11012 72103 13 561 37714 16384 2250 14527 6679 13 6056 36600 11693 264 11012 72103 13 6056 36600 25624 264 11012 72103 13 561 12433 7854 2250 14527 6679 13 561 2235 6522 49992 449 4147 70676 13 561 37714 11354 449 4147 70676 13 6056 36600 7246 449 4147 70676 13 6983 12050 49992 279 2981 9057 13 561 37714 11354 279 2981 9057 13 357 2526 14882 49992 449 4147 70676 13 561 12433 49992 264 23772 6321 13 561 13159 7854 264 11012 72103 13 561 2235 6522 23235 279 17631 5459 13 561 14367 11354 264 23772 6321 13 357 28282 49992 449 4147 70676 13 561 2235 6522 11354 2250 14527 6679 13 561 13159 7246 264 23772 6321 13 357 28282 23235 264 23772 6321 13 6056 36600 11693 279 11129 29262 13 561 13159 23235 279 9506 13759 13 561 12433 11354 279 11129 29262 13 561 12433 23235 449 4147 70676 13 561 13159 23235 279 11129 29262 13 561 37714 23235 2250 14527 6679 13 6056 36600 25624 264 23772 6321 13 6983 12050 23235 279 11129 29262 13 561 2235 6522 25624 279 17631 5459 13 561 13159 7854 279 17631 5459 13 561 13159 16384 264 11012 72103 13 561 14367 11354 2250 14527 6679 13 6056 36600 11354 279 9506 13759 13 357 27786 27491 7246 264 11012 72103 13 6983 12050 11354 449 4147 70676 13 561 2235 6522 25624 279 2981 9057 13 561 14367 7854 264 11012 72103 13 561 14367 23235 279 2981 9057 13 561 12433 16384 279 11129 29262 13 561 2235 6522 7854 279 17631 5459 13 357 2526 14882 11354 279 9506 13759 13 357 27786 27491 11354 449 4147 70676 13 357 27786 27491 11354 264 11012 72103 13 561 13159 7854 449 4147 70676 13 357 28282 11354 279 9506 13759 13 357 27786 27491 7246 449 4147 70676 13 561 13159 25624 264 11012 72103 13 6056 36600 11693 279 2981 9057 13 561 14367 7854 279 17631 5459 13 561 14367 25624 264 11012 72103 13 6983 12050 25624 279 2981 9057 13 6056 36600 11354 279 11129 29262 13 357 27786 27491 11693 449 4147 70676 13 561 2235 6522 11354 264 23772 6321 13 561 2235 6522 25624 279 11129 29262 13 561 37714 49992 449 4147 70676 13 561 12433 11354 279 17631 5459 13 561 14367 11354 279 17631 5459 13 357 27786 27491 25624 279 9506 13759 13 561 12433 16384 279 2981 9057 13 6056 36600 11354 264 23772 6321 13 357 2526 14882 49992 449 4147 70676 13 561 2235 6522 7246 264 11012 72103 13 357 2526 14882 7246 279 9506 13759 13 6056 36600 7854 449 4147 70676 13 561 12433 23235 279 11129 29262 13 561 12433 11354 264 23772 6321 13 357 27786 27491 11354 279 2981 9057 13 357 27786 27491 16384 279 9506 13759 13 6983 12050 7854 279 9506 13759 13 561 13159 11693 449 4147 70676 13 561 12433 11354 264 23772 6321 13 561 12433 16384 279 9506 13759 13 561 2235 6522 11354 279 11129 29262 13 561 2235 6522 7246 279 11129 29262 13 561 37714 49992 264 23772 6321 13 561 37714 25624 449 4147 70676 13 561 13159 11693 2250 14527 6679 13 561 12433 11354 279 9506 13759 13 6056 36600 11693 279 11129 29262 13 357 27786 27491 11354 279 9506 13759 13 6056 36600 25624 264 23772 6321 13 357 28282 11693 279 9506 13759 13 357 27786 27491 16384 264 23772 6321 13 6056 36600 11693 2250 14527 6679 13 6983 12050 11693 264 11012 72103 13 561 2235 6522 16384 264 23772 6321 13 357 27786 27491 23235 279 9506 13759 13 561 37714 7246 2250 14527 6679 13 561 14367 49992 264 23772 6321 13 357 28282 23235 449 4147 70676 13 357 28282 7246 264 23772 6321 13 357 27786 27491 11354 264 23772 6321 13 561 12433 11354 264 11012 72103 13 561 14367 11693 449 4147 70676 13 357 27786 27491 11693 279 11129 29262 13 561 12433 7854 264 11012 72103 13 6056 36600 7246 279 11129 29262 13 561 14367 23235 2250 14527 6679 13 561 2235 6522 7854 264 11012 72103 13 561 14367 11354 279 17631 5459 13 561 37714 23235 449 4147 70676 13 6056 36600 25624 279 9506 13759 13 357 28282 25624 279 11129 29262 13 357 2526 14882 11693 264 11012 72103 13 561 37714 7854 279 2981 9057 13 6056 36600 7246 264 23772 6321 13 6983 12050 11693 279 2981 9057 13 561 14367 16384 264 23772 6321 13 561 14367 11354 279 17631 5459 13 561 12433 49992 279 17631 5459 13 357 28282 7246 264 23772 6321 13 561 14367 11693 279 11129 29262 13 357 27786 27491 49992 264 11012 72103 13 6056 36600 23235 264 23772 6321 13 561 12433 7854 264 11012 72103 13 357 2526 14882 49992 279 9506 13759 13 561 2235 6522 49992 2250 14527 6679 13 561 2235 6522 11354 449 4147 70676 13 6983 12050 11354 279 2981 9057 13 6983 12050 25624 264 23772 6321 13 561 2235 6522 49992 264 11012 72103 13 561 13159 11354 264 11012 72103 13 6056 36600 23235 264 23772 6321 13 6983 12050 49992 264 11012 72103 13 357 2526 14882 7246 264 23772 6321 13 6983 12050 11354 279 2981 9057 13 6056 36600 7246 449 4147 70676 13 561 2235 6522 16384 279 9506 13759 13 561 13159 11693 279 2981 9057 13 561 14367 16384 279 11129 29262 13 357 2526 14882 7246 279 11129 29262 13 6056 36600 25624 264 23772 6321 13 6056 36600 49992 264 11012 72103 13 561 2235 6522 11354 2250 14527 6679 13 561 37714 49992 279 11129 29262 13 357 28282 16384 2250 14527 6679 13 357 2526 14882 7854 279 11129 29262 13 6983 12050 11693 264 11012 72103 13 561 13159 16384 279 9506 13759 13 561 2235 6522 11354 279 11129 29262 13 561 2235 6522 11354 449 4147 70676 13 561 37714 23235 279 2981 9057 13 6056 36600 11354 279 11129 29262 13 561 2235 6522 23235 279 9506 13759 13 561 14367 7854 2250 14527 6679 13 561 12433 7246 279 2981 9057 13 561 2235 6522 11693 279 2981 9057 13 6983 12050 25624 264 11012 72103 13 357 27786 27491 49992 279 11129 29262 13 561 2235 6522 11693 279 2981 9057 13 357 27786 27491 11693 279 11129 29262 13 6983 12050 11354 264 11012 72103 13 561 37714 7854 279 17631 5459 13 561 37714 23235 264 23772 6321 13 561 12433 49992 264 11012 72103 13 561 14367 7854 449 4147 70676 13 561 2235 6522 16384 2250 14527 6679 13 561 2235 6522 23235 279 17631 5459 13 561 2235 6522 23235 279 17631 5459 13 357 2526 14882 49992 264 11012 72103 13 357 28282 23235 2250 14527 6679 13 357 2526 14882 7854 279 17631 5459 13 561 12433 25624 449 4147 70676 13 6056 36600 11354 279 2981 9057 13 561 14367 11693 264 11012 72103 13 6983 12050 7246 279 2981 9057 13 357 28282 16384 279 11129 29262 13 561 37714 11354 279 17631 5459 13 357 28282 11693 279 11129 29262 13 561 14367 49992 2250 14527 6679 13 6056 36600 25624 264 23772 6321 13 357 28282 7246 279 17631 5459 13 561 12433 25624 449 4147 70676 13 6056 36600 16384 264 11012 72103 13 357 28282 25624 279 9506 13759 13 561 2235 6522 11693 2250 14527 6679 13 561 2235 6522 49992 279 9506 13759 13 561 2235 6522 11354 279 9506 13759 13 561 13159 11354 279 9506 13759 13 561 14367 23235 264 23772 6321 13 561 13159 11693 264 23772 6321 13 561 13159 23235 279 9506 13759 13 561 37714 11354 264 23772 6321 13 561 37714 7246 264 23772 6321 13 6983 12050 7854 279 17631 5459 13 357 2526 14882 25624 279 2981 9057 13 357 28282 23235 279 9506 13759 13 6983 12050 11354 2250 14527 6679 13 561 2235 6522 7854 279 9506 13759 13 6056 36600 11354 279 17631 5459 13 561 14367 16384 279 11129 29262 13 561 37714 11354 264 11012 72103 13 561 12433 25624 279 17631 5459 13 561 13159 11693 279 17631 5459 13 561 12433 25624 279 11129 29262 13 357 2526 14882 7246 264 11012 72103 13 561 14367 16384 264 11012 72103 13 6056 36600 7246 449 4147 70676 13 357 28282 7246 279 11129 29262 13 561 13159 16384 279 11129 29262 13 6983 12050 25624 279 11129 29262 13 6056 36600 11693 279 9506 13759 13 6983 12050 23235 449 4147 70676 13 561 37714 16384 449 4147 70676 13 6056 36600 16384 279 17631 5459 13 6983 12050 23235 2250 14527 6679 13 6983 12050 7854 279 9506 13759 13 561 14367 23235 279 2981 9057 13 6983 12050 23235 264 23772 6321 13 6056 36600 16384 279 11129 29262 13 6983 12050 16384 279 17631 5459 13 561 14367 7246 264 11012 72103 13 357 27786 27491 23235 449 4147 70676 13 561 14367 7854 449 4147 70676 13 357 2526 14882 25624 2250 14527 6679 13 561 2235 6522 7854 264 23772 6321 13 357 2526 14882 7246 2250 14527 6679 13 357 27786 27491 16384 264 11012 72103 13 6056 36600 16384 279 2981 9057 13 561 13159 25624 279 17631 5459 13 561 13159 25624 449 4147 70676 13 561 13159 7246 279 9506 13759 13 561 12433 25624 279 9506 13759 13 6056 36600 49992 279 11129 29262 13 357 2526 14882 16384 264 23772 6321 13 561 13159 7854 264 23772 6321 13 561 14367 49992 279 9506 13759 13 6056 36600 16384 279 2981 9057 13 561 37714 16384 279 2981 9057 13 561 13159 7854 2250 14527 6679 13 357 28282 23235 264 23772 6321 13 357 27786 27491 11693 264 23772 6321 13 6983 12050 7854 279 17631 5459 13 561 14367 11354 279 11129 29262 13 357 27786 27491 49992 279 11129 29262 13 561 37714 16384 279 9506 13759 13 561 37714 7854 279 9506 13759 13 6056 36600 23235 279 17631 5459 13 357 27786 27491 23235 449 4147 70676 13 561 14367 25624 2250 14527 6679 13 357 28282 7854 264 23772 6321 13 561 37714 7854 279 2981 9057 13 6983 12050 7854 449 4147 70676 13 561 13159 49992 264 23772 6321 13 561 37714 25624 279 2981 9057 13 357 2526 14882 23235 264 23772 6321 13 357 28282 16384 279 2981 9057 13 357 28282 16384 264 23772 6321 13 561 37714 7854 279 2981 9057 13 561 37714 16384 2250 14527 6679 13 561 37714 11693 279 9506 13759 13 561 2235 6522 11354 264 11012 72103 13 357 2526 14882 11354 279 9506 13759 13 561 14367 11354 279 11129 29262 13 561 37714 11354 279 11129 29262 13 561 13159 25624 279 17631 5459 13 561 14367 11693 279 2981 9057 13 6056 36600 16384 279 2981 9057 13 357 27786 27491 11693 279 9506 13759 13 357 27786 27491 25624 279 2981 9057 13 561 2235 6522 25624 279 17631 5459 13 357 28282 25624 279 2981 9057 13 561 37714 49992 449 4147 70676 13 357 27786 27491 7854 279 17631 5459 13 561 14367 23235 279 2981 9057 13 6983 12050 23235 279 11129 29262 13 561 2235 6522 11354 279 11129 29262 13 357 28282 25624 264 23772 6321 13 6983 12050 49992 279 9506 13759 13 561 14367 11354 2250 14527 6679 13 561 13159 11354 449 4147 70676 13 561 14367 11693 2250 14527 6679 13 6983 12050 11354 279 2981 9057 13 357 27786 27491 7246 264 23772 6321 13 561 14367 49992 279 11129 29262 13 561 13159 16384 449 4147 70676 13 357 28282 11693 279 9506 13759 13 357 27786 27491 11693 279 9506 13759 13 561 12433 7854 449 4147 70676 13 561 14367 11693 264 11012 72103 13 561 2235 6522 7246 264 23772 6321 13 561 13159 7246 279 17631 5459 13 561 12433 7854 264 23772 6321 13 357 28282 23235 279 9506 13759 13 357 2526 14882 7854 264 11012 72103 13 357 28282 7854 264 23772 6321 13 561 37714 11693 279 9506 13759 13 6983 12050 49992 279 11129 29262 13 357 2526 14882 11693 279 9506 13759 13 561 14367 16384 279 17631 5459 13 357 2526 14882 7246 2250 14527 6679 13 561 2235 6522 25624 2250 14527 6679 13 561 12433 7246 449 4147 70676 13 6056 36600 11693 279 2981 9057 13 357 2526 14882 23235 2250 14527 6679 13 561 13159 7854 2250 14527 6679 13 561 12433 49992 2250 14527 6679 13 6983 12050 49992 279 2981 9057 13 561 12433 49992 264 23772 6321 13 561 37714 11693 279 9506 13759 13 357 27786 27491 11693 279 2981 9057 13 357 28282 25624 279 11129 29262 13 561 13159 11354 279 2981 9057 13 561 12433 11354 279 9506 13759 13 357 28282 7246 2250 14527 6679 13 357 2526 14882 11693 264 11012 72103 13 357 28282 23235 279 11129 29262 13 6983 12050 25624 279 11129 29262 13 357 28282 11693 279 11129 29262 13 561 2235 6522 7854 279 11129 29262 13 357 2526 14882 7854 449 4147 70676 13 561 2235 6522 16384 279 2981 9057 13 561 14367 23235 264 23772 6321 13 561 13159 11354 449 4147 70676 13 6983 12050 7854 264 23772 6321 13 357 28282 7246 279 11129 29262 13 357 28282 16384 2250 14527 6679 13 561 14367 7854 279 17631 5459 13 357 27786 27491 7246 279 9506 13759 13 6983 12050 16384 279 2981 9057 13 561 13159 11354 279 11129 29262 13 561 2235 6522 11693 449 4147 70676 13 561 37714 16384 279 9506 13759 13 357 27786 27491 23235 279 17631 5459 13 357 28282 16384 279 17631 5459 13 357 27786 27491 11354 2250 14527 6679 13 357 28282 11354 264 23772 6321 13 6983 12050 23235 264 11012 72103 13 561 13159 7854 2250 14527 6679 13 561 12433 25624 264 23772 6321 13 561 13159 49992 264 23772 6321 13 561 37714 49992 279 17631 5459 13 6983 12050 7854 279 2981 9057 13 6056 36600 11693 279 17631 5459 13 561 37714 16384 279 2981 9057 13 561 37714 7246 2250 14527 6679 13 561 37714 16384 2250 14527 6679 13 561 14367 7246 264 23772 6321 13 357 2526 14882 7854 264 11012 72103 13 6983 12050 16384 279 2981 9057 13 561 2235 6522 49992 449 4147 70676 13 6983 12050 11693 279 17631 5459 13 561 37714 49992 279 2981 9057 13 357 2526 14882 16384 279 2981 9057 13 561 2235 6522 11693 264 23772 6321 13 357 28282 7854 279 2981 9057 13 561 2235 6522 49992 279 9506 13759 13 6983 12050 25624 279 11129 29262 13 561 14367 23235 449 4147 70676 13 6983 12050 11354 279 17631 5459 13 561 12433 16384 2250 14527 6679 13 357 28282 16384 449 4147 70676 13 357 28282 7246 264 23772 6321 13 6056 36600 49992 264 23772 6321 13 561 12433 7246 264 11012 72103 13 561 14367 11354 449 4147 70676 13 6056 36600 25624 264 23772 6321 13 357 27786 27491 16384 264 11012 72103 13 6056 36600 7854 449 4147 70676 13 6983 12050 23235 279 17631 5459 13 357 2526 14882 25624 279 11129 29262 13 357 27786 27491 16384 2250 14527 6679 13 357 28282 7246 279 17631 5459 13 561 14367 7854 279 2981 9057 13 561 12433 23235 279 2981 9057 13 561 37714 7246 264 11012 72103 13 561 12433 23235 279 9506 13759 13 561 2235 6522 23235 264 23772 6321 13 6983 12050 23235 279 2981 9057 13 561 37714 23235 279 11129 29262 13 6983 12050 11354 279 17631 5459 13 357 28282 7854 279 17631 5459 13 6983 12050 49992 279 9506 13759 13 6056 36600 7246 279 11129 29262 13 357 27786 27491 25624 279 2981 9057 13 6983 12050 7246 279 2981 9057 13 6056 36600 7854 264 11012 72103 13 561 14367 49992 449 4147 70676 13 6983 12050 11693 264 23772 6321 13 561 14367 11354 279 9506 13759 13 561 2235 6522 16384 264 11012 72103 13 561 14367 7854 264 23772 6321 13 357 28282 49992 279 17631 5459 13 561 2235 6522 7246 279 9506 13759 13 561 12433 11354 449 4147 70676 13 357 27786 27491 23235 2250 14527 6679 13 6056 36600 25624 264 23772 6321 13 561 37714 49992 279 9506 13759 13 561 37714 7246 279 9506 13759 13 357 27786 27491 25624 279 17631 5459 13 357 2526 14882 16384 279 9506 13759 13 357 2526 14882 49992 279 2981 9057 13 561 12433 23235 279 17631 5459 13 6983 12050 11693 449 4147 70676 13 357 28282 7246 264 23772 6321 13 561 37714 7854 264 23772 6321 13 561 37714 11693 449 4147 70676 13 561 13159 16384 264 11012 72103 13 6983 12050 7246 2250 14527 6679 13 561 37714 25624 2250 14527 6679 13 561 12433 25624 2250 14527 6679 13 561 37714 16384 449 4147 70676 13 6983 12050 49992 2250 14527 6679 13 561 37714 25624 264 11012 72103 13 561 13159 25624 449 4147 70676 13 561 2235 6522 25624 264 11012 72103 13 6056 36600 7854 279 2981 9057 13 6983 12050 49992 264 11012 72103 13 561 2235 6522 23235 279 17631 5459 13 561 13159 11693 279 17631 5459 13 357 2526 14882 11354 279 17631 5459 13 357 27786 27491 11693 449 4147 70676 13 561 12433 25624 279 2981 9057 13 561 13159 25624 2250 14527 6679 13 357 27786 27491 25624 264 23772 6321 13 561 2235 6522 23235 264 23772 6321 13 561 14367 16384 264 11012 72103 13 6983 12050 23235 264 23772 6321 13 6056 36600 11354 264 23772 6321 13 357 28282 23235 264 23772 6321 13 357 27786 27491 25624 279 17631 5459 13 6983 12050 16384 264 23772 6321 13 6983 12050 49992 279 17631 5459 13 357 27786 27491 49992 264 11012 72103 13 561 14367 49992 264 11012 72103 13 357 28282 16384 279 2981 9057 13 561 2235 6522 16384 279 9506 13759 13 561 2235 6522 16384 279 11129 29262 13 6056 36600 11354 279 17631 5459 13 357 2526 14882 7246 449 4147 70676 13 561 37714 49992 279 17631 5459 13 561 14367 25624 279 2981 9057 13 357 27786 27491 7854 449 4147 70676 13 561 2235 6522 49992 279 9506 13759 13 6983 12050 25624 264 23772 6321 13 357 2526 14882 11693 279 11129 29262 13 561 2235 6522 11354 2250 14527 6679 13 561 2235 6522 23235 449 4147 70676 13 357 2526 14882 49992 279 9506 13759 13 357 2526 14882 23235 279 17631 5459 13 357 2526 14882 49992 264 23772 6321 13 6983 12050 11354 2250 14527 6679 13 6056 36600 11354 279 2981 9057 13 561 2235 6522 16384 279 9506 13759 13 561 12433 25624 279 11129 29262 13 357 2526 14882 7246 279 17631 5459 13 561 37714 25624 2250 14527 6679 13 561 13159 25624 264 23772 6321 13 561 12433 11693 279 2981 9057 13 357 28282 16384 264 23772 6321 13 357 2526 14882 11693 264 23772 6321 13 561 37714 7854 264 23772 6321 13 561 14367 23235 264 23772 6321 13 6056 36600 23235 2250 14527 6679 13 6983 12050 23235 279 2981 9057 13 561 2235 6522 11693 279 17631 5459 13 6056 36600 7854 449 4147 70676 13 561 13159 16384 279 2981 9057 13 357 27786 27491 25624 279 2981 9057 13 561 12433 16384 279 11129 29262 13 357 27786 27491 23235 264 11012 72103 13 6983 12050 25624 279 2981 9057 13 561 12433 23235 449 4147 70676 13 357 2526 14882 7854 264 11012 72103 13 6056 36600 23235 279 2981 9057 13 561 12433 16384 279 17631 5459 13 561 2235 6522 16384 2250 14527 6679 13 561 14367 11693 279 17631 5459 13 561 13159 49992 2250 14527 6679 13 357 27786 27491 16384 264 11012 72103 13 6983 12050 11693 279 17631 5459 13 561 2235 6522 11354 264 11012 72103 13 357 28282 23235 279 2981 9057 13 561 14367 11693 279 11129 29262 13 561 37714 11354 264 23772 6321 13 561 14367 11693 264 23772 6321 13 357 2526 14882 11354 449 4147 70676 13 561 13159 23235 279 2981 9057 13 561 14367 7854 279 17631 5459 13 357 28282 23235 449 4147 70676 13 357 27786 27491 7854 279 11129 29262 13 6056 36600 11354 279 17631 5459 13 357 2526 14882 23235 279 17631 5459 13 561 13159 23235 279 2981 9057 13 357 28282 11354 279 2981 9057 13 6983 12050 7246 264 11012 72103 13 357 2526 14882 23235 279 9506 13759 13 357 2526 14882 7246 264 23772 6321 13 6983 12050 16384 449 4147 70676 13 561 14367 16384 449 4147 70676 13 561 37714 16384 264 23772 6321 13 561 37714 16384 279 2981 9057 13 561 12433 11354 449 4147 70676 13 357 28282 23235 279 2981 9057 13 6983 12050 7854 264 11012 72103 13 561 14367 7246 264 11012 72103 13 561 14367 11693 279 2981 9057 13 561 12433 23235 279 2981 9057 13 561 2235 6522 7246 279 17631 5459 13 357 2526 14882 11693 449 4147 70676 13 6056 36600 11693 264 23772 6321 13 561 13159 49992 2250 14527 6679 13 357 2526 14882 11354 264 11012 72103 13 561 14367 25624 279 9506 13759 13 357 2526 14882 11354 2250 14527 6679 13 357 27786 27491 7854 279 9506 13759 13 561 13159 11693 279 17631 5459 13 561 12433 11354 279 11129 29262 13 561 13159 11693 2250 14527 6679 13 357 2526 14882 11693 264 23772 6321 13 561 13159 16384 279 11129 29262 13 6056 36600 11693 279 2981 9057 13 6056 36600 16384 279 2981 9057 13 561 12433 16384 264 11012 72103 13 357 2526 14882 11354 449 4147 70676 13 6983 12050 7246 264 23772 6321 13 357 27786 27491 49992 2250 14527 6679 13 357 27786 27491 11354 2250 14527 6679 13 357 2526 14882 11354 449 4147 70676 13 561 2235 6522 7854 279 2981 9057 13 561 12433 11354 264 11012 72103 13 561 2235 6522 11354 279 2981 9057 13 561 12433 7246 264 23772 6321 13 357 28282 7246 449 4147 70676 13 561 13159 25624 279 9506 13759 13 357 2526 14882 7854 264 23772 6321 13 561 14367 11693 2250 14527 6679 13 561 14367 11354 279 2981 9057 13 561 37714 11693 279 9506 13759 13 357 28282 11354 279 17631 5459 13 357 2526 14882 25624 264 11012 72103 13 357 28282 49992 279 2981 9057 13 561 37714 7854 279 17631 5459 13 561 2235 6522 11693 279 2981 9057 13 561 37714 25624 264 23772 6321 13 6056 36600 25624 264 23772 6321 13 6983 12050 11693 264 11012 72103 13 561 12433 7246 279 17631 5459 13 561 12433 16384 264 11012 72103 13 561 14367 11693 279 17631 5459 13 561 13159 23235 279 11129 29262 13 561 14367 23235 279 17631 5459 13 6056 36600 16384 264 23772 6321 13 561 13159 16384 279 9506 13759 13 561 13159 23235 279 9506 13759 13 561 13159 7246 279 9506 13759 13 561 13159 7854 279 2981 9057 13 561 14367 11693 279 11129 29262 13 357 27786 27491 7854 2250 14527 6679 13 6983 12050 25624 264 11012 72103 13 357 27786 27491 11354 279 17631 5459 13 561 13159 23235 449 4147 70676 13 561 37714 23235 449 4147 70676 13 357 27786 27491 11354 449 4147 70676 13 6056 36600 23235 279 9506 13759 13 6983 12050 7854 264 23772 6321 13 357 28282 7854 279 11129 29262 13 357 27786 27491 23235 264 11012 72103 13 561 37714 11693 279 11129 29262 13 561 12433 49992 264 23772 6321 13 561 37714 49992 2250 14527 6679 13 561 2235 6522 25624 264 23772 6321 13 561 37714 11693 279 2981 9057 13 357 2526 14882 11693 279 2981 9057 13 561 2235 6522 49992 279 2981 9057 13 561 14367 23235 279 9506 13759 13 357 2526 14882 7854 264 11012 72103 13 561 13159 7246 279 11129 29262 13 561 13159 25624 264 23772 6321 13 357 2526 14882 16384 449 4147 70676 13 357 28282 16384 279 9506 13759 13 561 12433 49992 264 11012 72103 13 6056 36600 49992 279 2981 9057 13 561 37714 7246 279 17631 5459 13 561 2235 6522 23235 449 4147 70676 13 561 37714 11693 264 23772 6321 13 561 37714 23235 279 9506 13759 13 561 12433 11354 2250 14527 6679 13 561 14367 16384 279 17631 5459 13 357 27786 27491 7246 279 11129 29262 13 561 37714 16384 264 23772 6321 13 561 12433 11693 279 11129 29262 13 6056 36600 25624 449 4147 70676 13 357 28282 11693 279 2981 9057 13 561 13159 16384 264 23772 6321 13 561 14367 49992 279 9506 13759 13 357 2526 14882 11354 279 11129 29262 13 561 13159 7854 279 11129 29262 13 357 2526 14882 11693 279 9506 13759 13 357 27786 27491 7246 2250 14527 6679 13 357 27786 27491 23235 264 11012 72103 13 6983 12050 23235 264 11012 72103 13 357 28282 49992 279 9506 13759 13 561 13159 7854 449 4147 70676 13 561 14367 25624 449 4147 70676 13 6056 36600 7854 279 9506 13759 13 6056 36600 7246 264 11012 72103 13 6056 36600 7854 449 4147 70676 13 561 2235 6522 11354 2250 14527 6679 13 6983 12050 7854 279 17631 5459 13 561 12433 23235 279 9506 13759 13 6056 36600 25624 264 11012 72103 13 6983 12050 25624 279 17631 5459 13 357 28282 49992 264 11012 72103 13 6983 12050 49992 279 17631 5459 13 6983 12050 23235 449 4147 70676 13 561 14367 7854 279 2981 9057 13 561 13159 11354 279 2981 9057 13 357 2526 14882 23235 2250 14527 6679 13 561 37714 11354 279 2981 9057 13 561 37714 16384 279 11129 29262 13 357 28282 23235 279 9506 13759 13 561 12433 16384 279 9506 13759 13 561 37714 7854 279 17631 5459 13 561 12433 16384 2250 14527 6679 13 561 13159 7854 279 11129 29262 13 561 12433 11693 279 2981 9057 13 561 14367 11693 264 23772 6321 13 6056 36600 49992 279 2981 9057 13 357 2526 14882 23235 2250 14527 6679 13 6056 36600 11354 264 23772 6321 13 561 14367 25624 279 9506 13759 13 357 27786 27491 23235 279 17631 5459 13 561 12433 11693 449 4147 70676 13 561 12433 11693 2250 14527 6679 13 357 27786 27491 49992 279 9506 13759 13 6056 36600 11693 2250 14527 6679 13 561 14367 7246 279 9506 13759 13 357 28282 11354 279 2981 9057 13 357 28282 49992 279 2981 9057 13 561 14367 7246 449 4147 70676 13 6983 12050 16384 2250 14527 6679 13 561 37714 7246 279 2981 9057 13 6983 12050 25624 449 4147 70676 13 357 28282 11693 264 11012 72103 13 561 14367 7854 2250 14527 6679 13 561 12433 49992 279 9506 13759 13 561 2235 6522 11354 279 2981 9057 13 561 14367 7246 449 4147 70676 13 561 12433 11693 264 23772 6321 13 561 37714 7246 279 11129 29262 13 561 12433 23235 2250 14527 6679 13 561 2235 6522 11693 279 9506 13759 13 561 14367 23235 279 9506 13759 13 561 2235 6522 16384 2250 14527 6679 13 561 37714 25624 2250 14527 6679 13 6056 36600 7246 279 2981 9057 13 561 13159 23235 279 9506 13759 13 357 28282 11354 264 23772 6321 13 357 28282 11693 264 11012 72103 13 561 12433 49992 264 23772 6321 13 561 14367 49992 264 11012 72103 13 6983 12050 49992 279 11129 29262 13 561 12433 25624 2250 14527 6679 13 561 2235 6522 49992 279 11129 29262 13 6983 12050 16384 279 17631 5459 13 357 27786 27491 25624 279 17631 5459 13 357 2526 14882 11693 279 2981 9057 13 561 12433 11354 279 2981 9057 13 357 2526 14882 23235 449 4147 70676 13 6056 36600 11693 264 23772 6321 13 357 2526 14882 7246 264 11012 72103 13 561 12433 25624 449 4147 70676 13 357 28282 25624 279 2981 9057 13 357 27786 27491 7854 449 4147 70676 13 561 14367 11354 279 17631 5459 13 561 37714 25624 279 9506 13759 13 561 2235 6522 7854 264 23772 6321 13 357 28282 23235 279 2981 9057 13 357 2526 14882 7246 264 11012 72103 13 357 2526 14882 11354 449 4147 70676 13 561 12433 7246 279 11129 29262 13 357 28282 25624 2250 14527 6679 13 357 28282 7246 449 4147 70676 13 561 12433 25624 264 23772 6321 13 6056 36600 11693 279 2981 9057 13 357 27786 27491 11354 279 11129 29262 13 357 2526 14882 11693 279 11129 29262 13 561 13159 11693 279 2981 9057 13 6983 12050 11693 264 11012 72103 13 561 14367 25624 279 17631 5459 13 6056 36600 11693 2250 14527 6679 13 357 28282 7246 279 2981 9057 13 561 12433 11354 279 9506 13759 13 561 13159 25624 279 11129 29262 13 357 27786 27491 25624 264 11012 72103 13 357 27786 27491 11693 2250 14527 6679 13 6983 12050 11354 2250 14527 6679 13 357 28282 23235 264 11012 72103 13 561 14367 11693 279 2981 9057 13 561 12433 23235 264 11012 72103 13 6056 36600 7246 279 17631 5459 13 357 2526 14882 7854 279 9506 13759 13 561 14367 25624 2250 14527 6679 13 561 2235 6522 7246 279 2981 9057 13 357 2526 14882 7246 2250 14527 6679 13 6983 12050 11693 264 23772 6321 13 357 28282 11354 449 4147 70676 13 561 14367 49992 264 23772 6321 13 357 28282 25624 2250 14527 6679 13 561 14367 23235 279 9506 13759 13 357 28282 23235 279 2981 9057 13 6056 36600 49992 279 2981 9057 13 561 12433 16384 279 17631 5459 13 6056 36600 7246 279 9506 13759 13 561 13159 16384 264 11012 72103 13 357 28282 16384 2250 14527 6679 13 6983 12050 11693 449 4147 70676 13 561 37714 11693 449 4147 70676 13 357 27786 27491 11354 279 9506 13759 13 561 13159 23235 279 9506 13759 13 561 13159 25624 2250 14527 6679 13 357 2526 14882 7854 279 11129 29262 13 561 14367 16384 449 4147 70676 13 357 27786 27491 11354 264 11012 72103 13 6056 36600 7854 279 9506 13759 13 357 27786 27491 16384 449 4147 70676 13 561 2235 6522 23235 2250 14527 6679 13 357 28282 23235 279 9506 13759 13 6056 36600 11354 279 11129 29262 13 357 2526 14882 25624 279 11129 29262 13 561 2235 6522 49992 279 9506 13759 13 561 37714 11693 264 11012 72103 13 6983 12050 11354 279 9506 13759 13 561 2235 6522 7854 279 11129 29262 13 357 2526 14882 7246 264 23772 6321 13 561 2235 6522 11693 264 23772 6321 13 357 27786 27491 7854 279 11129 29262 13 6056 36600 23235 2250 14527 6679 13 561 2235 6522 7854 279 17631 5459 13 561 14367 7246 264 11012 72103 13 6983 12050 49992 279 11129 29262 13 357 2526 14882 25624 279 9506 13759 13 561 2235 6522 16384 279 9506 13759 13 357 28282 23235 449 4147 70676 13 561 12433 16384 264 23772 6321 13 561 12433 7854 279 17631 5459 13 6056 36600 49992 264 23772 6321 13 561 14367 11354 264 11012 72103 13 561 37714 7854 449 4147 70676 13 561 12433 7246 449 4147 70676 13 561 14367 23235 449 4147 70676 13 561 2235 6522 11354 279 11129 29262 13 561 2235 6522 11693 279 17631 5459 13 561 13159 7246 279 11129 29262 13 6983 12050 16384 279 17631 5459 13 561 13159 7854 264 11012 72103 13 561 13159 49992 264 23772 6321 13 561 12433 23235 279 2981 9057 13 357 27786 27491 49992 279 17631 5459 13 561 37714 23235 279 2981 9057 13 6983 12050 11354 279 2981 9057 13 561 12433 7246 279 11129 29262 13 561 14367 16384 279 9506 13759 13 357 2526 14882 7246 279 11129 29262 13 561 12433 49992 2250 14527 6679 13 357 27786 27491 23235 449 4147 70676 13 561 13159 25624 279 11129 29262 13 357 2526 14882 7854 264 23772 6321 13 561 13159 49992 279 11129 29262 13 357 28282 11693 449 4147 70676 13 561 37714 7854 279 2981 9057 13 357 2526 14882 11354 279 2981 9057 13 561 12433 49992 279 9506 13759 13 357 28282 16384 279 9506 13759 13 357 2526 14882 7854 279 11129 29262 13 357 28282 16384 449 4147 70676 13 561 14367 11354 279 11129 29262 13 357 2526 14882 23235 279 11129 29262 13 6983 12050 25624 264 11012 72103 13 357 27786 27491 7854 264 11012 72103 13 561 12433 7246 279 2981 9057 13 357 28282 7854 279 9506 13759 13 357 2526 14882 7854 279 9506 13759 13 6056 36600 23235 264 23772 6321 13 561 2235 6522 7246 279 9506 13759 13 561 12433 7246 2250 14527 6679 13 357 2526 14882 25624 279 9506 13759 13 357 28282 11354 2250 14527 6679 13 357 27786 27491 7854 279 9506 13759 13 6983 12050 16384 279 2981 9057 13 561 2235 6522 11693 2250 14527 6679 13 561 37714 25624 279 11129 29262 13 561 14367 7854 279 11129 29262 13 561 2235 6522 7854 279 11129 29262 13 357 28282 16384 2250 14527 6679 13 6983 12050 16384 264 11012 72103 13 357 2526 14882 25624 264 23772 6321 13 561 14367 25624 264 11012 72103 13 357 2526 14882 11693 279 17631 5459 13 6056 36600 7246 449 4147 70676 13 561 12433 11354 449 4147 70676 13 357 27786 27491 11354 279 17631 5459 13 561 37714 49992 264 11012 72103 13 6056 36600 11693 279 11129 29262 13 357 2526 14882 23235 2250 14527 6679 13 6983 12050 11693 279 11129 29262 13 357 27786 27491 11354 2250 14527 6679 13 561 2235 6522 11354 279 11129 29262 13 561 13159 23235 264 11012 72103 13 561 12433 25624 264 11012 72103 13 561 13159 7854 279 9506 13759 13 6983 12050 11354 264 23772 6321 13 561 37714 23235 279 11129 29262 13 357 28282 49992 279 2981 9057 13 561 13159 49992 449 4147 70676 13 6983 12050 23235 2250 14527 6679 13 357 28282 7854 279 2981 9057 13 561 12433 11693 264 11012 72103 13 561 37714 11354 449 4147 70676 13 6983 12050 11693 279 11129 29262 13 6983 12050 16384 279 17631 5459 13 357 27786 27491 11354 264 11012 72103 13 357 2526 14882 11693 279 9506 13759 13 561 14367 16384 264 23772 6321 13 561 2235 6522 23235 264 23772 6321 13 561 12433 25624 279 17631 5459 13 561 2235 6522 23235 279 9506 13759 13 561 14367 49992 264 11012 72103 13 357 2526 14882 25624 279 2981 9057 13 357 2526 14882 49992 449 4147 70676 13 357 28282 23235 264 23772 6321 13 6056 36600 7246 264 11012 72103 13 561 37714 16384 279 9506 13759 13 6983 12050 23235 279 11129 29262 13 561 14367 11693 279 11129 29262 13 561 37714 7854 279 9506 13759 13 561 2235 6522 7854 279 2981 9057 13 561 2235 6522 11354 264 11012 72103 13 6983 12050 7854 279 17631 5459 13 561 14367 25624 449 4147 70676 13 561 14367 11693 264 11012 72103 13 357 2526 14882 23235 449 4147 70676 13 6056 36600 11693 279 17631 5459 13 6983 12050 11693 264 23772 6321 13 561 13159 25624 264 11012 72103 13 357 27786 27491 7246 2250 14527 6679 13 6056 36600 49992 449 4147 70676 13 357 28282 11354 449 4147 70676 13 561 2235 6522 7854 2250 14527 6679 13 6056 36600 49992 279 2981 9057 13 357 28282 49992 279 9506 13759 13 357 28282 11693 2250 14527 6679 13 561 14367 7854 2250 14527 6679 13 561 14367 11693 264 11012 72103 13 6983 12050 11354 279 17631 5459 13 6056 36600 11354 279 9506 13759 13 6983 12050 11693 279 17631 5459 13 561 37714 7854 279 11129 29262 13 561 14367 7246 449 4147 70676 13 561 14367 49992 264 11012 72103 13 357 28282 7246 279 2981 9057 13 561 37714 7246 264 23772 6321 13 357 28282 7854 279 17631 5459 13 357 28282 11354 264 11012 72103 13 561 37714 25624 279 17631 5459 13 561 37714 16384 449 4147 70676 13 561 13159 11354 2250 14527 6679 13 561 14367 7246 449 4147 70676 13 6983 12050 25624 2250 14527 6679 13 561 13159 25624 264 11012 72103 13 561 37714 23235 264 11012 72103 13 357 28282 11693 264 11012 72103 13 357 28282 23235 279 11129 29262 13 561 12433 16384 279 11129 29262 13 561 2235 6522 49992 264 23772 6321 13 6983 12050 11354 264 11012 72103 13 357 28282 11354 264 11012 72103 13 357 27786 27491 11693 279 9506 13759 13 6056 36600 7854 2250 14527 6679 13 357 28282 11354 279 17631 5459 13 561 14367 7246 279 9506 13759 13 561 14367 7246 279 11129 29262 13 6056 36600 16384 279 2981 9057 13 561 12433 16384 264 23772 6321 13 561 14367 23235 279 9506 13759 13 357 28282 7246 449 4147 70676 13 561 2235 6522 49992 264 23772 6321 13 561 12433 11693 279 17631 5459 13 561 13159 11354 264 23772 6321 13 6983 12050 23235 264 23772 6321 13 561 14367 11693 264 23772 6321 13 357 28282 7246 264 11012 72103 13 561 14367 23235 279 9506 13759 13 357 2526 14882 23235 264 11012 72103 13 561 37714 25624 449 4147 70676 13 561 2235 6522 11693 279 17631 5459 13 561 37714 11693 279 9506 13759 13 561 37714 25624 2250 14527 6679 13 6983 12050 16384 279 17631 5459 13 561 12433 7854 264 11012 72103 13 561 2235 6522 49992 279 2981 9057 13 561 12433 7854 2250 14527 6679 13 357 2526 14882 16384 279 17631 5459 13 357 28282 11693 279 11129 29262 13 357 27786 27491 7246 264 11012 72103 13 357 27786 27491 25624 279 9506 13759 13 561 12433 25624 264 11012 72103 13 357 28282 11354 264 11012 72103 13 357 2526 14882 25624 279 2981 9057 13 561 37714 25624 449 4147 70676 13 561 37714 16384 449 4147 70676 13 561 2235 6522 25624 279 11129 29262 13 561 12433 7854 279 9506 13759 13 561 2235 6522 49992 264 11012 72103 13 6056 36600 23235 264 23772 6321 13 6983 12050 11354 279 9506 13759 13 6983 12050 25624 2250 14527 6679 13 357 2526 14882 23235 279 11129 29262 13 357 27786 27491 11354 2250 14527 6679 13 357 28282 25624 279 2981 9057 13 357 27786 27491 16384 279 11129 29262 13 561 2235 6522 11354 279 2981 9057 13 6056 36600 25624 279 17631 5459 13 561 13159 16384 264 11012 72103 13 357 27786 27491 11693 279 17631 5459 13 357 28282 16384 279 17631 5459 13 561 12433 7246 264 23772 6321 13 357 2526 14882 7246 279 2981 9057 13 357 2526 14882 16384 264 23772 6321 13 357 2526 14882 7246 264 11012 72103 13 6983 12050 7246 279 11129 29262 13 561 13159 11354 2250 14527 6679 13 6983 12050 11693 279 9506 13759 13 357 2526 14882 11693 449 4147 70676 13 561 12433 11354 279 17631 5459 13 357 28282 7854 264 23772 6321 13 6983 12050 16384 279 17631 5459 13 6056 36600 49992 449 4147 70676 13 357 28282 25624 449 4147 70676 13 561 37714 49992 264 11012 72103 13 561 13159 25624 449 4147 70676 13 6056 36600 7246 2250 14527 6679 13 561 13159 49992 279 17631 5459 13 357 28282 11693 264 11012 72103 13 561 12433 23235 449 4147 70676 13 6056 36600 11693 264 23772 6321 13 561 37714 11354 264 11012 72103 13 561 37714 11693 449 4147 70676 13 6983 12050 7854 264 11012 72103 13 561 14367 7854 279 17631 5459 13 6983 12050 7246 264 23772 6321 13 6983 12050 25624 264 11012 72103 13 6056 36600 16384 449 4147 70676 13 6056 36600 7246 264 11012 72103 13 6056 36600 23235 264 11012 72103 13 6983 12050 16384 264 23772 6321 13 357 28282 25624 449 4147 70676 13 6056 36600 16384 279 2981 9057 13 561 37714 11354 279 17631 5459 13 6056 36600 11354 2250 14527 6679 13 6056 36600 7246 264 23772 6321 13 561 2235 6522 7854 264 23772 6321 13 561 14367 23235 279 2981 9057 13 6983 12050 11354 449 4147 70676 13 357 28282 49992 2250 14527 6679 13 561 14367 16384 449 4147 70676 13 561 2235 6522 11693 279 11129 29262 13 357 2526 14882 11693 264 11012 72103 13 561 13159 11354 279 2981 9057 13 561 14367 23235 449 4147 70676 13 6983 12050 25624 449 4147 70676 13 357 2526 14882 49992 2250 14527 6679 13 357 27786 27491 11693 2250 14527 6679 13 6056 36600 11693 279 11129 29262 13 6056 36600 16384 2250 14527 6679 13 357 2526 14882 11354 279 9506 13759 13 561 2235 6522 23235 279 9506 13759 13 561 14367 23235 279 2981 9057 13 6983 12050 11354 279 2981 9057 13 357 27786 27491 16384 449 4147 70676 13 6056 36600 7854 279 2981 9057 13 561 12433 11693 264 11012 72103 13 561 12433 7854 279 2981 9057 13 561 2235 6522 7246 264 23772 6321 13 561 14367 7246 2250 14527 6679 13 561 13159 7246 264 11012 72103 13 357 27786 27491 49992 279 9506 13759 13 561 12433 11693 279 2981 9057 13 561 12433 7854 264 11012 72103 13 561 14367 7854 264 11012 72103 13 561 14367 16384 264 11012 72103 13 561 12433 7246 279 2981 9057 13 561 13159 25624 279 9506 13759 13 561 12433 25624 449 4147 70676 13 6983 12050 49992 264 23772 6321 13 561 37714 11693 279 9506 13759 13 357 28282 16384 279 9506 13759 13 561 2235 6522 16384 2250 14527 6679 13 561 13159 23235 279 11129 29262 13 357 28282 11354 449 4147 70676 13 6983 12050 23235 279 17631 5459 13 6056 36600 49992 264 23772 6321 13 561 2235 6522 49992 264 23772 6321 13 6983 12050 7854 264 11012 72103 13 6983 12050 7854 279 9506 13759 13 561 2235 6522 11693 264 23772 6321 13 357 2526 14882 7854 449 4147 70676 13 357 2526 14882 7246 2250 14527 6679 13 6983 12050 16384 264 11012 72103 13 561 14367 7246 279 9506 13759 13 357 27786 27491 7854 264 11012 72103 13 6056 36600 49992 264 23772 6321 13 357 27786 27491 23235 264 23772 6321 13 561 13159 23235 279 2981 9057 13 6056 36600 11354 279 2981 9057 13 561 13159 23235 264 11012 72103 13 561 12433 11693 2250 14527 6679 13 357 27786 27491 11693 264 23772 6321 13 561 12433 16384 279 2981 9057 13 357 28282 49992 279 17631 5459 13 6983 12050 11354 279 9506 13759 13 561 37714 16384 279 17631 5459 13 357 28282 11354 279 2981 9057 13 357 28282 11693 279 17631 5459 13 561 2235 6522 11693 279 2981 9057 13 561 12433 11693 279 17631 5459 13 561 14367 25624 264 11012 72103 13 357 28282 11693 279 2981 9057 13 6056 36600 23235 264 11012 72103 13 561 37714 23235 264 23772 6321 13 561 12433 7854 449 4147 70676 13 561 12433 23235 279 17631 5459 13 357 28282 16384 279 2981 9057 13 561 12433 25624 264 11012 72103 13 357 27786 27491 11354 279 11129 29262 13 561 2235 6522 23235 264 23772 6321 13 561 37714 49992 279 2981 9057 13 6983 12050 11354 279 2981 9057 13 561 13159 7854 279 11129 29262 13 561 14367 11693 279 11129 29262 13 357 28282 49992 264 11012 72103 13 357 28282 7246 2250 14527 6679 13 6056 36600 49992 2250 14527 6679 13 357 27786 27491 25624 449 4147 70676 13 357 27786 27491 7854 279 2981 9057 13 561 14367 11693 2250 14527 6679 13 357 28282 49992 2250 14527 6679 13 561 12433 7854 264 23772 6321 13 561 14367 11354 2250 14527 6679 13 561 14367 11693 279 11129 29262 13 6983 12050 49992 2250 14527 6679 13 561 2235 6522 11693 279 11129 29262 13 561 12433 7246 279 2981 9057 13 561 14367 11693 449 4147 70676 13 357 2526 14882 16384 279 9506 13759 13 357 2526 14882 16384 279 17631 5459 13 357 27786 27491 23235 264 11012 72103 13 561 12433 11354 264 23772 6321 13 561 37714 11693 279 2981 9057 13 561 2235 6522 11693 449 4147 70676 13 561 14367 11693 264 23772 6321 13 357 28282 23235 449 4147 70676 13 561 37714 16384 264 11012 72103 13 357 28282 25624 279 9506 13759 13 561 13159 49992 264 11012 72103 13 561 12433 11693 449 4147 70676 13 357 2526 14882 49992 279 9506 13759 13 357 2526 14882 49992 264 23772 6321 13 357 27786 27491 11354 264 11012 72103 13 6056 36600 25624 279 11129 29262 13 561 2235 6522 11354 279 2981 9057 13 357 28282 49992 279 17631 5459 13 561 12433 25624 264 23772 6321 13 561 13159 25624 279 2981 9057 13 561 13159 25624 279 17631 5459 13 561 14367 16384 279 2981 9057 13 561 37714 25624 264 11012 72103 13 357 2526 14882 7246 279 9506 13759 13 561 2235 6522 11693 279 2981 9057 13 561 13159 7854 264 23772 6321 13 357 2526 14882 25624 2250 14527 6679 13 6056 36600 25624 264 11012 72103 13 561 12433 7854 449 4147 70676 13 6983 12050 7246 279 11129 29262 13 6056 36600 7854 2250 14527 6679 13 561 2235 6522 11693 449 4147 70676 13 357 28282 23235 2250 14527 6679 13 561 14367 16384 449 4147 70676 13 561 2235 6522 23235 264 23772 6321 13 561 2235 6522 23235 2250 14527 6679 13 561 13159 11354 279 17631 5459 13 6983 12050 23235 279 17631 5459 13 561 12433 11354 279 17631 5459 13 357 2526 14882 11693 264 23772 6321 13 561 12433 23235 279 11129 29262 13 357 2526 14882 23235 279 9506 13759 13 561 13159 16384 264 11012 72103 13 6983 12050 11354 279 9506 13759 13 357 27786 27491 11693 279 17631 5459 13 561 2235 6522 7246 279 11129 29262 13 561 12433 23235 279 9506 13759 13 561 13159 16384 279 2981 9057 13 6983 12050 23235 279 17631 5459 13 357 2526 14882 7246 264 23772 6321 13 561 2235 6522 11354 449 4147 70676 13 357 2526 14882 49992 449 4147 70676 13 6983 12050 23235 264 23772 6321 13 6983 12050 25624 264 11012 72103 13 357 28282 23235 279 17631 5459 13 561 14367 11693 264 23772 6321 13 357 28282 25624 449 4147 70676 13 561 14367 11693 449 4147 70676 13 561 13159 16384 449 4147 70676 13 561 13159 16384 449 4147 70676 13 357 2526 14882 23235 279 11129 29262 13 357 2526 14882 25624 264 11012 72103 13 6056 36600 49992 279 9506 13759 13 561 14367 11693 2250 14527
output  : 248046 198 248045 74455 198 248068 198 760 1156 682 2574 728 264 1248 1414 421 7701 310 381 264 51816 32002 1029 1414 11 694 506 279 1546 6941 781 10661 25 328 50525 25 279 6038 1970 364 279 33439 369 199891 1271 1058 12 19 16 22 17 1149 271 1919 7701 310 381 264 9640 24277 4621 466 264 1228 310 1436 413 353 3172 15919 264 328 19849 1970 1149 561 1414 369 9896 440 56127 11 54051 22157 883 30592 11 34343 11 34264 11 40391 11 4831 13 471 9077 5995 310 53485 279 328 19849 1970 1 4952 321 1236 424 2714 1040 2894 1928 353 1220 5909 466 12771 13 271 40 1220 524 4089 411 430 264 22038
decode                   128 tokens in 2277.1 ms  ->  56.21 tok/s
prefill                  11999 tokens in 13211.1 ms  ->  908.25 tok/s  (time to first token 13302.7 ms)
