strata generate: GPU Intel(R) Graphics [0xe223], 256 compute units, 30.3 GiB, matrix engines (XMX) yes
strata generate: PCIe probe: 38.3 GB/s host->device -> pcie_frac 0.55 (default 0.55)
strata generate: this CPU has no AVX-512: the expert kernels run on AVX-2 (multi-token for the i-quant gate/up rows)
strata generate: native pack: <data>/packs/iq2_xs experts (largest blob 1.51 MB), token embedding IQ4_XS in mapped host memory (322 MiB)
strata generate: 1466 MiB of weights loaded from <data>/packs/iq2_xs (302 canonical tensors skipped: served natively)
strata generate: 300 native projection matrices, 1474.85 MiB of weights
strata generate: PLE table format IQ4_NL
strata generate: the SSD is kept awake while rows are read: one page of the table after 100 ms without a read, until 60 s after the last request (STRATA_SSD_KEEPALIVE=0 turns it off)
strata generate: PLE on, table 320001536 rows of <data>/models/Qwen3.8-Flash-Next-GSQ-RCO-IQ2_XS-00002-of-00002.gguf
strata generate: expert arena: one mapping registered for device copies in 2 pieces (the GPU's largest allocation); transparent huge pages requested (madvise); no mlock
strata generate: loaded 33.02 GiB at 7.01 GiB/s
strata generate: profile <repo>/data/expert-profile.bin: 24576 ranked pairs, built for 24576 slots
strata generate: experimental native Q5_K head, 337715200 bytes
strata generate: expert cache auto: 28.09 GiB free, 700 MiB reserved (+0 MiB for the draft head) -> 19456 slots
strata generate: expert cache 20280 slots, 27.25 GiB of VRAM; policy is
strata generate: the GPU computes the experts in the cache; it rounds differently from the CPU,
                 so a reply can differ slightly from a run without the cache (same quality:
                 bench/results/2026-09-27-cache-parity).
                 PROFILE, ranked by routing frequency, no eviction.
strata generate: pre-filled 20280 of 20280 slots from the profile; slot 0 verified
strata generate: R4 hit path ON - resident experts are computed on the GPU
strata generate: 19 expert-pool workers + the host thread
strata generate: session is up (engine 0.1.0)
strata generate: sampling greedy
strata generate: token graph hit path: 20280 resident experts, decided on the device
strata generate: prompt path borrows 325 cache slots (0.44 GiB)
strata generate: 325 lent slots refilled in 13.5 ms
strata generate: prefill 1499 tokens in 3 chunks, 2446.5 ms (612.7 tok/s); experts streamed 4495 (4495 by DMA, host 78.8 ms), resident 24646; PLE 26.6 ms
strata verify: window up to 4 tokens, 45.3 MiB of device buffers
strata verify: captured the 1-token window (sync ok)
speculation              1 rounds of 4, drafts accepted 0 of 0 (0.000), 1.00 tokens per round
accepted per round       0:1 1:0 2:0 3:0
verify window            wait for rings 15.872  pool 3.709  host 0.005  commit 0.099 ms/round; CPU experts 1.60 distinct / 1.60 routed per layer
host memory              25 major page faults while decoding; 0 MiB of this process in swap
pool multi               gate/up 2.354  quantize 0.021  down 1.106 ms/round; 32.1 GB/s over the rows phases; CPU pool call 3.704 ms/round
dispatch                 plan 0.025  activation quantize 0.094  jobs 0.076  run 3.486 ms/round
pcie experts             0.00 distinct experts per layer read over PCIe (share 141/256 of the misses)
prompt  : 248045 846 198 50525 25 279 6038 1970 364 279 33439 369 199891 1271 1058 12 19 16 22 17 13 357 2526 14882 7246 279 9506 13759 13 561 14367 25624 264 11012 72103 13 357 2526 14882 11354 2250 14527 6679 13 561 14367 25624 279 9506 13759 13 561 13159 25624 2250 14527 6679 13 357 28282 7854 279 17631 5459 13 357 27786 27491 25624 2250 14527 6679 13 357 27786 27491 11354 279 9506 13759 13 561 14367 11693 279 17631 5459 13 561 37714 7246 279 11129 29262 13 561 13159 7246 264 11012 72103 13 357 27786 27491 16384 279 2981 9057 13 357 28282 11693 264 23772 6321 13 357 28282 25624 279 17631 5459 13 357 27786 27491 11693 449 4147 70676 13 561 37714 7854 264 23772 6321 13 6056 36600 49992 264 23772 6321 13 561 12433 11693 279 2981 9057 13 6983 12050 25624 279 11129 29262 13 561 37714 49992 264 23772 6321 13 6056 36600 16384 264 11012 72103 13 357 28282 7854 279 2981 9057 13 357 2526 14882 7246 449 4147 70676 13 561 13159 11354 264 11012 72103 13 561 37714 23235 264 23772 6321 13 357 2526 14882 49992 449 4147 70676 13 357 28282 25624 279 11129 29262 13 6056 36600 25624 279 17631 5459 13 561 12433 49992 279 11129 29262 13 561 13159 23235 279 17631 5459 13 6056 36600 23235 279 2981 9057 13 357 27786 27491 25624 449 4147 70676 13 561 14367 11693 279 11129 29262 13 561 2235 6522 11693 279 9506 13759 13 561 13159 49992 264 11012 72103 13 561 2235 6522 49992 279 9506 13759 13 561 37714 16384 279 2981 9057 13 561 13159 16384 279 9506 13759 13 357 2526 14882 7854 2250 14527 6679 13 561 2235 6522 25624 279 2981 9057 13 561 2235 6522 11693 2250 14527 6679 13 561 14367 49992 279 2981 9057 13 561 12433 16384 279 17631 5459 13 561 2235 6522 7854 264 23772 6321 13 357 27786 27491 23235 279 2981 9057 13 561 37714 11354 449 4147 70676 13 561 37714 7854 279 9506 13759 13 561 13159 7854 264 11012 72103 13 6056 36600 7854 279 17631 5459 13 6983 12050 25624 2250 14527 6679 13 6056 36600 7246 264 11012 72103 13 357 2526 14882 11354 264 11012 72103 13 561 14367 7246 264 11012 72103 13 357 2526 14882 11354 264 11012 72103 13 6983 12050 7854 279 2981 9057 13 561 12433 23235 264 23772 6321 13 6056 36600 25624 264 11012 72103 13 6056 36600 49992 449 4147 70676 13 6056 36600 16384 264 11012 72103 13 561 2235 6522 25624 264 23772 6321 13 561 12433 49992 279 2981 9057 13 561 37714 11354 2250 14527 6679 13 561 37714 23235 279 2981 9057 13 561 37714 11354 279 11129 29262 13 357 28282 16384 264 23772 6321 13 561 2235 6522 23235 2250 14527 6679 13 561 37714 23235 2250 14527 6679 13 357 27786 27491 11693 2250 14527 6679 13 561 13159 11693 2250 14527 6679 13 561 37714 49992 264 23772 6321 13 561 14367 11354 279 11129 29262 13 6056 36600 16384 2250 14527 6679 13 357 27786 27491 23235 449 4147 70676 13 357 2526 14882 23235 264 11012 72103 13 6983 12050 25624 2250 14527 6679 13 6056 36600 11693 264 23772 6321 13 6983 12050 49992 279 17631 5459 13 6056 36600 23235 264 11012 72103 13 357 28282 7854 2250 14527 6679 13 6056 36600 7246 279 9506 13759 13 357 2526 14882 25624 279 9506 13759 13 6056 36600 7854 264 11012 72103 13 561 2235 6522 7246 279 2981 9057 13 561 14367 7246 449 4147 70676 13 561 2235 6522 49992 264 23772 6321 13 561 2235 6522 7246 279 17631 5459 13 561 14367 25624 279 2981 9057 13 561 13159 11693 2250 14527 6679 13 561 14367 16384 2250 14527 6679 13 561 12433 11693 264 23772 6321 13 561 12433 7854 279 2981 9057 13 561 14367 23235 449 4147 70676 13 357 27786 27491 7854 279 2981 9057 13 561 37714 7246 279 17631 5459 13 6056 36600 7246 279 17631 5459 13 561 2235 6522 7246 279 2981 9057 13 6056 36600 25624 279 17631 5459 13 357 2526 14882 49992 264 11012 72103 13 561 37714 11354 2250 14527 6679 13 6983 12050 16384 279 17631 5459 13 357 28282 49992 279 17631 5459 13 357 28282 49992 264 23772 6321 13 357 27786 27491 11693 279 11129 29262 13 6056 36600 49992 2250 14527 6679 13 561 37714 16384 2250 14527 6679 13 6056 36600 7246 279 9506 13759 13 357 28282 7854 449 4147 70676 13 357 2526 14882 25624 2250 14527 6679 13 561 13159 25624 2250 14527 6679 13 561 12433 25624 279 2981 9057 13 357 2526 14882 7246 279 11129 29262 13 561 2235 6522 49992 2250 14527 6679 13 357 28282 7854 449 4147 70676 13 561 2235 6522 11693 279 2981 9057 13 561 13159 7854 264 23772 6321 13 561 13159 11693 264 23772 6321 13 357 2526 14882 25624 264 23772 6321 13 561 14367 23235 449 4147 70676 13 6056 36600 11354 279 9506 13759 13 357 2526 14882 16384 264 11012 72103 13 357 28282 11693 264 11012 72103 13 357 28282 16384 279 11129 29262 13 561 14367 7246 279 11129 29262 13 561 2235 6522 7854 279 11129 29262 13 561 13159 7246 449 4147 70676 13 357 2526 14882 25624 279 11129 29262 13 561 14367 7246 279 9506 13759 13 357 28282 16384 279 17631 5459 13 357 28282 16384 264 11012 72103 13 357 27786 27491 11693 264 11012 72103 13 561 12433 25624 449 4147 70676 13 561 14367 23235 279 9506 13759 13 561 12433 7246 279 17631 5459 13 561 37714 11693 264 11012 72103 13 561 2235 6522 16384 279 17631 5459 13 561 2235 6522 11693 279 11129 29262 13 561 12433 11693 279 11129 29262 13 6056 36600 7246 279 11129 29262 13 357 2526 14882 11354 279 11129 29262 13 561 14367 11354 279 17631 5459 13 561 37714 11693 449 4147 70676 13 6983 12050 49992 264 11012 72103 13 561 13159 49992 279 9506 13759 13 561 37714 16384 2250 14527 6679 13 6983 12050 23235 2250 14527 6679 13 561 2235 6522 7854 264 23772 6321 13 561 14367 7246 279 17631 5459 13 357 28282 16384 279 9506 13759 13 561 2235 6522 11354 264 11012 72103 13 561 13159 16384 2250 14527 6679 13 561 12433 11354 449 4147 70676 13 561 2235 6522 7246 279 11129 29262 13 6056 36600 11354 279 11129 29262 13 357 2526 14882 23235 264 23772 6321 13 6983 12050 11354 279 11129 29262 13 6983 12050 23235 279 2981 9057 13 561 14367 23235 279 9506 13759 13 357 28282 49992 279 11129 29262 13 561 37714 11693 2250 14527 6679 13 561 37714 11354 264 11012 72103 13 561 12433 25624 279 2981 9057 13 561 13159 11354 279 9506 13759 13 561 14367 16384 279 11129 29262 13 6983 12050 25624 279 2981 9057 13 357 27786 27491 7854 264 23772 6321 13 6056 36600 7246 279 11129 29262 13 357 27786 27491 7246 279 17631 5459 13 561 37714 7854 279 2981 9057 13 561 37714 11354 2250 14527 6679 13 357 28282 11354 279 17631 5459 13 561 2235 6522 23235 264 11012 72103 13 561 13159 49992 279 17631 5459 13 561 14367 11693 449 4147 70676 13 561 12433 11354 449 4147 70676 13 357 28282 25624 264 11012 72103 13 6056 36600 16384 264 11012 72103 13 561 12433 11693 2250 14527 6679 13 6983 12050 49992 449 4147 70676 13 561 13159 25624 449 4147 70676 13 561 12433 11354 2250 14527 6679 13 357 28282 7246 264 23772 6321 13 561 12433 16384 279 2981 9057 13 561 14367 49992 279 17631 5459 13 6056 36600 16384 264 11012 72103 13 6983 12050 49992 279 11129 29262 13 561 37714 16384 449 4147 70676 13 6056 36600 49992 264 11012 72103 13 561 37714 11693 279 11129 29262 13 357 28282 49992 279 17631 5459 13 561 12433 49992 264 11012 72103 13 561 37714 49992 279 11129 29262 13 561 13159 11693 2250 14527 6679 13 357 28282 25624 279 2981 9057 13 561 37714 16384 264 23772 6321 13 561 2235 6522 16384 264 11012 72103 13 357 2526 14882 11693 449 4147 70676 13 6056 36600 7854 279 17631 5459 13 561 2235 6522 11354 449 4147 70676 13 6056 36600 7854 279 11129 29262 13 561 2235 6522 7854 264 23772 6321 13 561 13159 23235 264 11012 72103 13 357 2526 14882 11354 264 23772 6321 13 357 2526 14882 7854 264 11012 72103 13 6983 12050
output  : 248046
decode                   1 tokens in 64.7 ms  ->  15.45 tok/s
prefill                  1499 tokens in 2460.0 ms  ->  609.36 tok/s  (time to first token 2528.2 ms)
logits dumped            <data>/records/2026-10-02-new-machine/x2-short-m2.logits
