time si so free_kB cache_kB engine_pid VmSwap_kB VmRSS_kB AnonHuge_kB
18:38:46 870 1309 36989196 55227168 - - - -
18:38:47 0 0 36169440 55604828 687045 0 467616 0
18:38:48 4 0 34726400 56684104 687045 0 468800 0
18:38:49 0 0 33547052 57857768 687045 0 672884 0
18:38:50 0 0 27190588 58257400 687045 0 6559968 6039552
18:38:51 44 0 17964220 58657272 687045 0 15403232 14895104
18:38:52 440 0 8518484 59024864 687045 0 24475872 23977984
18:38:53 0 0 1804112 59076400 687045 0 31017184 30431232
18:38:54 0 344 1243280 58190400 687045 0 32484748 31451136
18:38:55 0 836 1198904 56970524 687045 0 33721008 31989760
18:38:56 0 1584 758828 57099976 687045 0 34061800 32026624
18:38:57 4 1244 909124 56939928 687045 0 34064000 32026624
18:38:58 0 548 1491636 56635512 687045 0 34065008 32026624
18:38:59 0 0 1663188 56478248 687045 0 34065008 32026624
18:39:00 0 0 1552404 56589336 687045 0 34065008 32026624
18:39:02 0 20 1377472 56756264 687045 0 34065008 32026624
18:39:03 0 24 1464980 56653032 687045 0 34065008 32026624
18:39:03 0 420 970412 56087544 687045 0 35157316 33085440
18:39:04 0 0 880648 56053960 687045 0 35199308 33085440
18:39:05 36 0 723392 56202128 687045 0 35199308 33085440
18:39:06 0 0 825532 56095200 687045 0 35199308 33085440
18:39:07 0 0 1725092 55164316 687045 0 35221124 33085440
18:39:08 0 0 1316176 55514048 687045 0 35266708 33085440
18:39:09 0 0 999524 55826336 687045 0 35266736 33085440
18:39:10 0 0 746788 56131152 687045 0 35266756 33085440
18:39:11 0 0 961920 55914900 687045 0 35266792 33085440
18:39:12 0 0 907756 55960720 687045 0 35266808 33085440
18:39:13 0 0 856532 56008976 687045 0 35266820 33085440
18:39:14 0 0 35452552 56083600 687045 0 545052 0
18:39:15 0 0 34765148 56666916 687765 0 468792 0
18:39:16 0 0 33471876 57953556 687765 0 468792 0
18:39:17 0 0 31411664 58789736 687765 0 1863896 1339392
18:39:18 0 0 22302952 59192176 687765 0 10604760 10092544
18:39:19 0 0 12780128 59594208 687765 0 19671256 19167232
18:39:20 40 0 3338724 59996208 687765 0 28688600 28192768
18:39:21 0 220 1068764 59646660 687765 0 31147544 30515200
18:39:22 0 600 1018248 58323580 687765 0 32522356 31397888
18:39:23 0 1192 985212 57306264 687765 0 33534068 31762432
18:39:24 0 2624 761936 57373072 687765 0 33744224 31776768
18:39:25 0 956 669184 57709360 687765 0 33746432 31776768
18:39:26 0 1712 1465132 56937188 687765 0 33747432 31776768
18:39:27 124 1288 1605712 56808956 687765 0 33747432 31776768
18:39:28 0 0 1639004 56772212 687765 0 33747432 31776768
18:39:30 0 0 1317528 57092028 687765 0 33747432 31776768
18:39:30 16 836 1490684 56914888 687765 0 33788392 31969280
18:39:31 4 1056 1142048 55802836 687765 0 35199140 33193984
18:39:32 0 0 1218396 55686856 687765 0 35199236 33193984
18:39:33 0 0 1076088 55833048 687765 0 35199236 33193984
18:39:34 0 0 1194116 55717804 687765 0 35199236 33193984
18:39:35 8 2356 1625456 55246728 687765 0 35266744 33193984
18:39:36 0 0 1290452 55561776 687765 0 35266800 33193984
18:39:37 12 0 1036716 55873600 687765 0 35266844 33193984
18:39:38 0 0 990060 55919028 687765 0 35266868 33193984
18:39:39 0 0 923020 55964704 687765 0 35266900 33193984
18:39:40 24 0 1150236 55748084 687765 0 35277596 33193984
18:39:41 0 608 2227516 55798108 687765 0 15467168 0
18:39:42 0 0 35285108 56184940 688468 0 468440 0
18:39:43 0 0 34052456 57397164 688468 0 468792 0
18:39:44 0 0 32965516 58480484 688468 0 1414928 0
18:39:45 0 0 31759548 59477116 688468 0 633180 0
18:39:46 0 0 24897140 60080172 688468 0 7012792 6498304
18:39:47 0 0 15412096 60483228 688468 0 16081336 15575040
18:39:48 0 0 5928580 60887040 688468 0 25151928 24651776
18:39:49 0 20 1189012 60986296 688468 0 29713048 29059072
18:39:50 44 1212 962204 59548324 688468 0 31351228 30248960
18:39:51 0 1720 593920 58948592 688468 0 32349852 30789632
18:39:52 0 520 848628 58953796 688468 0 32351060 30789632
18:39:53 0 3032 732660 59143428 688468 0 32353060 30789632
18:39:54 0 0 723904 59170320 688468 0 32353060 30789632
18:39:55 0 0 1442444 58452708 688468 0 32353060 30789632
18:39:56 0 488 1115088 58774072 688468 0 32353060 30789632
18:39:58 0 0 964900 58916440 688468 0 32353060 30789632
18:39:58 0 696 1809416 57236980 688468 0 33393804 31754240
18:39:59 0 872 1005220 56003104 688468 0 35199432 32940032
18:40:00 0 0 578440 56411840 688468 0 35199436 32940032
18:40:01 0 0 679516 56312572 688468 0 35199436 32940032
18:40:02 0 0 739720 56238492 688468 0 35204540 32940032
18:40:03 0 1720 813532 56112208 688468 0 35269304 32940032
18:40:04 0 0 758468 56156748 688468 0 35269360 32940032
18:40:05 40 1120 714336 56195908 688468 0 35269412 32940032
18:40:06 0 0 752212 56153100 688468 0 35269456 32940032
18:40:07 0 0 693860 56205348 688468 0 35280288 32940032
18:40:08 0 0 35999196 56271296 - - - -
18:40:09 8 0 35987804 56271888 - - - -
18:40:10 24 0 35990564 56271968 - - - -
18:40:11 0 0 35991536 56271968 - - - -
18:40:12 0 0 35986184 56271968 - - - -
18:40:13 0 0 35978296 56271968 - - - -
