time si so free_kB cache_kB engine_pid VmSwap_kB VmRSS_kB AnonHuge_kB
18:34:42 874 1311 19128544 72940660 - - - -
18:34:43 220 0 19034420 72950720 - - - -
18:34:44 2816 0 18502476 73522364 - - - -
18:34:45 0 0 17172816 74871420 - - - -
18:34:46 0 0 15538276 76499740 - - - -
18:34:47 0 0 13788788 78248428 - - - -
18:34:48 0 0 12805832 79217024 - - - -
18:34:49 0 0 10853692 81162844 - - - -
18:34:50 0 0 8661368 83349168 - - - -
18:34:51 4 0 6671184 85341440 - - - -
18:34:52 0 0 4514168 87489008 - - - -
18:34:53 0 0 2402780 89600380 - - - -
18:34:54 0 0 758940 91331896 - - - -
18:34:55 1044 0 576812 91174364 - - - -
18:34:56 64 0 663064 90948920 - - - -
18:34:57 0 0 734196 90979272 - - - -
18:34:58 0 0 595820 91095892 - - - -
18:34:59 20 0 746548 90949284 - - - -
18:35:00 0 0 773844 90916204 - - - -
18:35:01 0 0 764352 90915980 - - - -
18:35:02 0 0 751084 90928992 - - - -
18:35:03 0 0 572120 91086380 - - - -
18:35:04 0 0 589568 91067124 - - - -
18:35:05 0 0 614568 91035392 - - - -
18:35:06 0 0 696504 90927408 - - - -
18:35:07 0 0 779776 90860976 - - - -
18:35:08 0 0 607672 91029576 - - - -
18:35:09 0 0 727120 90906248 - - - -
18:35:10 0 0 609620 91025980 - - - -
18:35:11 0 0 752336 90890408 - - - -
18:35:12 0 0 648600 90988236 - - - -
18:35:13 0 0 573328 91060160 - - - -
18:35:14 0 0 724432 90915464 - - - -
18:35:15 0 0 664652 90973984 - - - -
18:35:16 0 0 564980 91072592 - - - -
18:35:17 0 0 776928 90878020 - - - -
18:35:18 0 0 728628 90931004 - - - -
18:35:19 0 0 637464 91023412 - - - -
18:35:20 0 0 738856 90920752 - - - -
18:35:21 0 0 623668 91039744 - - - -
18:35:22 0 0 593592 91066600 - - - -
18:35:23 0 0 571624 91085732 - - - -
18:35:24 0 0 561068 91096376 - - - -
18:35:25 0 0 793124 90870620 - - - -
18:35:26 16 0 1117648 90888036 - - - -
18:35:27 16 0 1240540 90888576 - - - -
18:35:28 0 0 1704504 89716544 681328 0 468676 0
18:35:29 0 0 2117576 89281356 681328 0 860552 0
18:35:30 0 0 901480 88671104 681328 0 2266884 1685504
18:35:31 0 0 625504 87107240 681328 0 4132640 3323904
18:35:32 0 0 731392 86010464 681328 0 5112844 3928064
18:35:33 0 0 985004 84583652 681328 0 6441740 5122048
18:35:34 0 0 648924 82826780 681328 0 8399428 6154240
18:35:35 0 0 854048 78517460 681328 0 12500716 9441280
18:35:36 0 0 1243960 75792272 681328 0 14865264 11102208
18:35:37 0 52400 1469696 72833040 681328 0 17553484 12881920
18:35:38 236 121364 870784 72705284 681328 0 19027448 13027328
18:35:39 524 3768 1178568 69549468 681328 0 21897332 14272512
18:35:40 28 772 1477676 67007796 681328 0 24214136 16252928
18:35:41 68 2072 1469816 63780780 681328 0 27369156 17840128
18:35:42 112 4380 1512004 60346172 681328 0 30784700 20242432
18:35:43 4 4064 1936892 57532448 681328 0 33091740 21587968
18:35:44 0 916 1624904 55871348 681328 0 35064004 22036480
18:35:45 0 68 1618792 55634628 681328 0 35198232 22036480
18:35:46 0 0 1610984 55634224 681328 0 35198232 22036480
18:35:47 0 0 1607804 55634224 681328 0 35198232 22036480
18:35:48 0 0 1603048 55634984 681328 0 35198232 22036480
18:35:49 52 32 2881464 53977696 681328 0 35219908 22036480
18:35:50 8 0 2810236 53986800 681328 0 35265468 22036480
18:35:51 500 0 2805844 53987292 681328 0 35265516 22036480
18:35:52 0 0 2803840 53987292 681328 0 35265532 22036480
18:35:53 56 0 2799220 54007952 681328 0 35265572 22036480
18:35:54 0 0 2837980 53978832 681328 0 35265584 22036480
18:35:55 0 0 2832940 53978832 681328 0 35265596 22036480
18:35:56 8 0 8463476 53978944 681328 0 28972192 0
18:35:57 4 0 35432340 53978952 681328 0 1980276 0
18:35:58 108 0 36995032 54431132 682188 0 468672 0
18:35:59 0 0 35574856 55856876 682188 0 620636 0
18:36:00 4 0 29324240 55920012 682188 0 6832224 6318080
18:36:01 0 0 20118124 55920012 682188 0 16013408 15509504
18:36:02 4 0 12274704 55926104 682188 0 23697504 23154688
18:36:03 4 0 8082532 55938788 682188 0 27906144 27377664
18:36:04 0 8 4171792 55757388 682188 0 31942752 31293440
18:36:05 8 128 3924008 54618444 682188 0 33324924 32239616
18:36:06 76 484 3769360 53440084 682188 0 34656124 32964608
18:36:07 0 24 2169536 54754480 682188 0 34925672 33067008
18:36:08 0 96 1187408 56014092 682188 0 34928880 33067008
18:36:09 0 1464 2225940 55010884 682188 0 34928880 33067008
18:36:10 0 1332 2780512 54459332 682188 0 34928880 33067008
18:36:11 8 2112 3197600 54037176 682188 0 34928880 33067008
18:36:12 4 1320 2996156 54233612 682188 0 34928880 33067008
18:36:13 0 0 2870180 54332132 682188 0 34928880 33122304
18:36:14 8 240 2795260 54157080 682188 0 35198988 33323008
18:36:15 0 0 2785904 54157696 682188 0 35198988 33323008
18:36:16 0 0 2781580 54157816 682188 0 35198988 33323008
18:36:17 0 0 2775060 54157824 682188 0 35205780 33323008
18:36:18 4 0 2643784 54170224 682188 0 35266276 33323008
18:36:19 4 0 2639512 54171516 682188 0 35266336 33323008
18:36:20 0 0 2633352 54171520 682188 0 35266356 33323008
18:36:21 68 0 2632848 54171516 682188 0 35266388 33323008
18:36:22 0 0 2631588 54171556 682188 0 35266400 33323008
18:36:23 4 0 2616072 54171556 682188 0 35287516 33323008
18:36:24 0 0 37672188 54171556 682188 0 568476 0
18:36:25 4 0 36530684 54858208 682922 0 468796 0
18:36:26 0 0 35366788 56029596 682922 0 470516 0
18:36:27 0 0 31360156 56834284 682922 0 3791296 3274752
18:36:28 0 0 22497404 56834284 682922 0 12648896 12140544
18:36:29 0 0 13323944 56834276 682922 0 21758400 21250048
18:36:30 0 0 4645472 56834468 682922 0 30427584 29931520
18:36:31 24 476 2188116 56405736 682922 0 33253676 32493568
18:36:32 0 532 1443804 56432260 682922 0 33998348 32923648
18:36:33 12 1116 1618716 56247432 682922 0 34000548 32923648
18:36:34 0 1360 2096768 55776140 682922 0 34001548 32923648
18:36:35 0 800 2660036 55468488 682922 0 34001556 32923648
18:36:36 532 0 2583280 55570532 682922 0 34001556 32923648
18:36:37 0 356 2375708 55767040 682922 0 34001556 32923648
18:36:38 0 0 2335848 55832228 682922 0 34023176 32923648
18:36:39 8 456 2508888 54440520 682922 0 35318408 33748992
18:36:40 0 0 2484468 54442796 682922 0 35199424 33748992
18:36:41 0 0 2480172 54442868 682922 0 35199424 33748992
18:36:42 0 0 2477676 54442868 682922 0 35199424 33748992
18:36:43 0 0 2696616 54185212 682922 0 35222284 33748992
18:36:44 0 0 2622192 54193664 682922 0 35269316 33748992
18:36:45 0 0 2612364 54196820 682922 0 35269352 33748992
18:36:46 0 0 2609648 54196820 682922 0 35269404 33748992
18:36:47 176 0 2580376 54197168 682922 0 35280260 33748992
18:36:48 0 0 18777324 54197168 682922 0 4035608 0
18:36:49 4 0 37995148 54197592 - - - -
18:36:50 0 0 36396672 54992076 683965 0 468784 0
18:36:51 68 0 33086156 55701224 683965 0 3223760 2701312
18:36:52 0 0 24352744 55701224 683965 0 11960528 11448320
18:36:53 0 0 15278912 55701224 683965 0 21024976 20525056
18:36:54 0 0 6550976 55669012 683965 0 29780176 29288448
18:36:55 0 92 1650244 55490176 683965 0 34719708 34154496
18:36:56 0 824 1708380 54744040 683965 0 35239052 34465792
18:36:57 0 1808 915028 55586876 683965 0 35240252 34465792
18:36:58 20 428 1230456 55286900 683965 0 35242252 34465792
18:36:59 0 1468 1664104 54852672 683965 0 35242252 34465792
18:37:00 0 1396 1885360 54888840 683965 0 35242260 34465792
18:37:01 0 1492 1928420 54866440 683965 0 35242260 34465792
18:37:02 0 0 1744756 54964168 683965 0 35242260 34465792
18:37:03 0 0 2328808 54480948 683965 0 35200560 34465792
18:37:04 0 0 2271336 54496480 683965 0 35200560 34465792
18:37:05 0 0 2256276 54498532 683965 0 35200560 34465792
18:37:06 148 0 2165192 54511888 683965 0 35267928 34465792
18:37:07 0 0 2147012 54520192 683965 0 35267992 34465792
18:37:08 0 0 2142756 54522436 683965 0 35268012 34465792
18:37:09 0 0 2134972 54523840 683965 0 35268036 34465792
18:37:10 0 0 2117100 54523900 683965 0 35268064 34465792
18:37:11 0 0 2117856 54523900 683965 0 35268084 34465792
18:37:12 8 0 2153640 54523900 683965 0 35268084 34465792
18:37:13 0 0 37226660 54523904 684633 0 468352 0
18:37:14 0 0 35367400 56018820 684633 0 708092 0
18:37:15 0 0 29259452 56019372 684633 0 6764636 6252544
18:37:16 0 0 19948380 56019372 684633 0 16058460 15552512
18:37:17 0 0 10676836 56023712 684633 0 25296988 24793088
18:37:18 0 0 1991560 55982380 684633 0 33906260 33286144
18:37:19 0 224 2088624 54594376 684633 0 35192764 33896448
18:37:20 0 916 1559352 54930228 684633 0 35239080 33896448
18:37:21 68 1196 1558540 54943160 684633 0 35242280 33896448
18:37:22 56 0 1716180 54777652 684633 0 35242280 33896448
18:37:23 0 856 1727896 54775048 684633 0 35242288 33896448
18:37:24 0 0 1715400 55047548 684633 0 35242288 33896448
18:37:25 0 0 1509536 55274024 684633 0 35242288 33896448
18:37:26 0 640 2285904 54543916 684633 0 35462856 33896448
18:37:27 4 0 2264256 54543720 684633 0 35200588 33896448
18:37:28 0 0 2260992 54543720 684633 0 35200588 33896448
18:37:29 0 0 2495836 54265268 684633 0 35222436 33896448
18:37:30 0 0 2423996 54273636 684633 0 35268180 33896448
18:37:31 0 0 2418968 54273668 684633 0 35268220 33896448
18:37:32 168 0 2398136 54273864 684633 0 35268236 33896448
18:37:33 0 0 2395568 54273868 684633 0 35268276 33896448
18:37:34 204 0 2397560 54273872 684633 0 35268288 33896448
18:37:35 0 0 2371104 54275592 684633 0 35289400 33896448
18:37:36 32 0 37492540 54275592 685274 0 467624 0
18:37:37 0 0 35638804 55768552 685274 0 541260 0
18:37:38 4 0 33969844 56581880 685274 0 1434052 913408
18:37:39 0 0 25140380 56582264 685274 0 10242500 9728000
18:37:40 0 0 16193964 56582272 685274 0 19188164 18683904
18:37:41 0 0 6855400 56582272 685274 0 28502468 28008448
18:37:42 20 84 1998892 56118580 685274 0 33734964 33112064
18:37:43 0 292 1947724 54540840 685274 0 35193108 33904640
18:37:44 0 244 1583348 54886360 685274 0 35240012 33904640
18:37:45 0 516 1045640 55452972 685274 0 35242612 33904640
18:37:46 260 1000 1758432 54733640 685274 0 35242612 33904640
18:37:47 380 0 1828892 54916072 685274 0 35242620 33904640
18:37:48 8 896 1867360 54913660 685274 0 35242620 33904640
18:37:49 0 0 1659104 55099712 685274 0 35242620 33904640
18:37:50 0 0 1569284 55193836 685274 0 35200796 33904640
18:37:51 72 0 1561648 55194336 685274 0 35200936 33904640
18:37:52 4 0 1559380 55194336 685274 0 35200936 33904640
18:37:53 8 0 1475636 55205108 685274 0 35257328 33904640
18:37:54 0 0 1509960 55173188 685274 0 35270848 33904640
18:37:55 0 0 1506192 55173188 685274 0 35270904 33904640
18:37:56 0 0 1501788 55173188 685274 0 35270948 33904640
18:37:57 0 0 1493352 55173188 685274 0 35281784 33904640
18:37:58 0 0 36792996 55173192 - - - -
18:37:59 8 0 37034780 55173352 - - - -
18:38:00 0 0 37038332 55173352 - - - -
18:38:01 0 0 37043936 55173400 - - - -
18:38:02 48 0 37045356 55183788 - - - -
18:38:03 12 0 37019576 55207912 - - - -
18:38:04 0 0 37012844 55210556 - - - -
18:38:05 0 0 37004652 55215116 - - - -
18:38:06 48 0 36982824 55220592 - - - -
18:38:07 0 0 36981700 55224096 - - - -
18:38:08 48 0 36981472 55224096 - - - -
18:38:09 0 0 36980464 55224096 - - - -
18:38:10 0 0 36978460 55224100 - - - -
18:38:11 0 0 36975504 55224212 - - - -
18:38:12 0 0 36975404 55224212 - - - -
