# strata native experts v4: layer gu_type d_type offset blob_bytes gate_off up_off down_off [shard | gate_shard up_shard down_shard] (n_expert 512, total 33973862400; absolute offsets in Swift-Qwen3.8-Flash-Next-GSQ-RCO-Q2_0-00001-of-00002.gguf, or in the named shard beside it, - for that file)
0 42 42 0 1382400 29794279328 30036332448 29557223328
1 42 42 707788800 1382400 30569568544 30811212064 30333178144
2 42 42 1415577600 1382400 31363384480 31605437600 31126533280
3 42 42 2123366400 1382400 32133312544 32374956064 31896461344
4 42 42 2831155200 1382400 32898159648 33139803168 32661769248
5 42 42 3538944000 1382400 33666539424 33908182944 33429688224
6 42 42 4246732800 1382400 34435341600 34676985120 34198951200
7 42 42 4954521600 1382400 35203098784 35444742304 34966708384
8 42 42 5662310400 1382400 35965949088 36207592608 35728893088
9 42 42 6370099200 1382400 36727642144 36969695264 36491251744
10 42 42 7077888000 1382400 37492499360 37734142880 37255648160
11 42 42 7785676800 1382400 38270453024 38512506144 38034062624
12 42 42 8493465600 1382400 39030955808 39272842528 38794565408
13 42 42 9201254400 1382400 56192 242160512 39562727584 Swift-Qwen3.8-Flash-Next-GSQ-RCO-Q2_0-00002-of-00002.gguf Swift-Qwen3.8-Flash-Next-GSQ-RCO-Q2_0-00002-of-00002.gguf -
14 42 42 9909043200 1382400 770450688 1012337408 532780288 Swift-Qwen3.8-Flash-Next-GSQ-RCO-Q2_0-00002-of-00002.gguf
15 42 42 10616832000 1382400 1551320192 1792963712 1314264192 Swift-Qwen3.8-Flash-Next-GSQ-RCO-Q2_0-00002-of-00002.gguf
16 42 42 11324620800 1382400 2311874176 2553760896 2075022976 Swift-Qwen3.8-Flash-Next-GSQ-RCO-Q2_0-00002-of-00002.gguf
17 42 42 12032409600 1382400 3081231872 3322875392 2844380672 Swift-Qwen3.8-Flash-Next-GSQ-RCO-Q2_0-00002-of-00002.gguf
18 42 42 12740198400 1382400 3849611648 4091255168 3612760448 Swift-Qwen3.8-Flash-Next-GSQ-RCO-Q2_0-00002-of-00002.gguf
19 42 42 13447987200 1382400 4624536832 4866180352 4387685632 Swift-Qwen3.8-Flash-Next-GSQ-RCO-Q2_0-00002-of-00002.gguf
20 42 42 14155776000 1382400 5386964736 5628851456 5150574336 Swift-Qwen3.8-Flash-Next-GSQ-RCO-Q2_0-00002-of-00002.gguf
21 42 42 14863564800 1382400 6155587712 6397231232 5918736512 Swift-Qwen3.8-Flash-Next-GSQ-RCO-Q2_0-00002-of-00002.gguf
22 42 42 15571353600 1382400 6924459008 7166102528 6688068608 Swift-Qwen3.8-Flash-Next-GSQ-RCO-Q2_0-00002-of-00002.gguf
23 42 42 16279142400 1382400 7699517312 7941621632 7462666112 Swift-Qwen3.8-Flash-Next-GSQ-RCO-Q2_0-00002-of-00002.gguf
24 42 42 16986931200 1382400 8465951616 8707838336 8228895616 Swift-Qwen3.8-Flash-Next-GSQ-RCO-Q2_0-00002-of-00002.gguf
25 42 42 17694720000 1382400 9234779392 9476422912 8998388992 Swift-Qwen3.8-Flash-Next-GSQ-RCO-Q2_0-00002-of-00002.gguf
26 42 42 18402508800 1382400 10006883968 10248527488 9770032768 Swift-Qwen3.8-Flash-Next-GSQ-RCO-Q2_0-00002-of-00002.gguf
27 42 42 19110297600 1382400 10787295232 11029181952 10550904832 Swift-Qwen3.8-Flash-Next-GSQ-RCO-Q2_0-00002-of-00002.gguf
28 42 42 19818086400 1382400 11550183936 11792710656 11313332736 Swift-Qwen3.8-Flash-Next-GSQ-RCO-Q2_0-00002-of-00002.gguf
29 42 42 20525875200 1382400 12319894912 12561538432 12082838912 Swift-Qwen3.8-Flash-Next-GSQ-RCO-Q2_0-00002-of-00002.gguf
30 42 42 21233664000 1382400 13090719488 13332606208 12854329088 Swift-Qwen3.8-Flash-Next-GSQ-RCO-Q2_0-00002-of-00002.gguf
31 42 42 21941452800 1382400 13873158272 14115262592 13636307072 Swift-Qwen3.8-Flash-Next-GSQ-RCO-Q2_0-00002-of-00002.gguf
32 42 42 22649241600 1382400 14638926976 14880570496 14402075776 Swift-Qwen3.8-Flash-Next-GSQ-RCO-Q2_0-00002-of-00002.gguf
33 42 42 23357030400 1382400 15407306752 15649193472 15170916352 Swift-Qwen3.8-Flash-Next-GSQ-RCO-Q2_0-00002-of-00002.gguf
34 42 42 24064819200 1382400 16178835328 16420939648 15941984128 Swift-Qwen3.8-Flash-Next-GSQ-RCO-Q2_0-00002-of-00002.gguf
35 42 42 24772608000 1382400 16957242112 17198885632 16720851712 Swift-Qwen3.8-Flash-Next-GSQ-RCO-Q2_0-00002-of-00002.gguf
36 42 42 25480396800 1382400 17722332416 17964436736 17485942016 Swift-Qwen3.8-Flash-Next-GSQ-RCO-Q2_0-00002-of-00002.gguf
37 42 42 26188185600 1382400 18495811712 18737864832 18258755712 Swift-Qwen3.8-Flash-Next-GSQ-RCO-Q2_0-00002-of-00002.gguf
38 42 42 26895974400 1382400 19267724288 19509777408 19030873088 Swift-Qwen3.8-Flash-Next-GSQ-RCO-Q2_0-00002-of-00002.gguf
39 42 42 27603763200 1382400 20049589632 20291476352 19812738432 Swift-Qwen3.8-Flash-Next-GSQ-RCO-Q2_0-00002-of-00002.gguf
40 42 42 28311552000 1382400 20814485376 21056589696 20577634176 Swift-Qwen3.8-Flash-Next-GSQ-RCO-Q2_0-00002-of-00002.gguf
41 42 42 29019340800 1382400 21587542272 21829428992 21350691072 Swift-Qwen3.8-Flash-Next-GSQ-RCO-Q2_0-00002-of-00002.gguf
42 42 42 29727129600 1382400 22360381568 22602025088 22123530368 Swift-Qwen3.8-Flash-Next-GSQ-RCO-Q2_0-00002-of-00002.gguf
43 42 42 30434918400 1382400 23142369792 23384013312 22905518592 Swift-Qwen3.8-Flash-Next-GSQ-RCO-Q2_0-00002-of-00002.gguf
44 42 42 31142707200 1382400 23908087296 24149974016 23671236096 Swift-Qwen3.8-Flash-Next-GSQ-RCO-Q2_0-00002-of-00002.gguf
45 42 42 31850496000 1382400 24686456192 24928342912 24449400192 Swift-Qwen3.8-Flash-Next-GSQ-RCO-Q2_0-00002-of-00002.gguf
46 42 42 32558284800 1382400 25460073728 25702382848 25223222528 Swift-Qwen3.8-Flash-Next-GSQ-RCO-Q2_0-00002-of-00002.gguf
47 42 42 33266073600 1382400 26242154112 26484040832 26004483712 Swift-Qwen3.8-Flash-Next-GSQ-RCO-Q2_0-00002-of-00002.gguf
